协议编号,借据编号,还款期数,应还日期,欠还利息,欠还本金,欠还本息,还款标志
220139593239,107,11,2019-03-30,3236.99,161044.42,164281.41,3
220139593239,107,12,2019-04-30,1626.56,162654.85,164281.41,3
180785670956,108,8,2018-09-27,1836.00,0.00,1836.00,3
180785670956,108,9,2018-10-27,1836.00,0.00,1836.00,3
180785670956,108,10,2018-11-27,1836.00,0.00,1836.00,3
180785670956,108,11,2018-12-27,1836.00,0.00,1836.00,3
180785670956,108,12,2019-01-27,1836.00,204000.00,205836.00,3
220176258010,103,15,2019-07-28,57.96,554.00,611.96,3
220176258010,103,16,2019-08-28,52.42,559.54,611.96,3
220176258010,103,17,2019-09-28,46.82,565.14,611.96,3
220176258010,103,18,2019-10-28,41.17,570.79,611.96,3
220176258010,103,19,2019-11-28,35.47,576.49,611.96,3
220176258010,103,20,2019-12-28,29.70,582.26,611.96,3
220176258010,103,21,2020-01-28,23.88,588.08,611.96,3
220176258010,103,22,2020-02-28,18.00,593.96,611.96,3
220176258010,103,23,2020-03-28,12.06,599.90,611.96,3
220176258010,103,24,2020-04-28,6.16,605.80,611.96,3
240810886171,105,5,2018-09-17,1524.44,15555.56,17080.00,3
240810886171,105,6,2018-10-17,1415.56,15555.56,16971.11,3
240810886171,105,7,2018-11-17,1306.67,15555.56,16862.22,3
240810886171,105,8,2018-12-17,1197.78,15555.56,16753.33,3
240810886171,105,9,2019-01-17,1088.89,15555.56,16644.44,3
240810886171,105,10,2019-02-17,980.00,15555.56,16535.56,3
240810886171,105,11,2019-03-17,871.11,15555.56,16426.67,3
240810886171,105,12,2019-04-17,762.22,15555.56,16317.78,3
240810886171,105,13,2019-05-17,653.33,15555.56,16208.89,3
240810886171,105,14,2019-06-17,544.44,15555.56,16100.00,3
240810886171,105,15,2019-07-17,435.56,15555.56,15991.11,3
240810886171,105,16,2019-08-17,326.67,15555.56,15882.22,3
240810886171,105,17,2019-09-17,217.78,15555.56,15773.33,3
240810886171,105,18,2019-10-17,108.89,15555.56,15664.44,3
060900193239,108,10,2019-01-17,6174.59,203775.10,209949.69,3
060900193239,108,11,2019-02-17,4136.84,205812.85,209949.69,3
060900193239,108,12,2019-03-17,2078.76,207870.93,209949.69,3
271000589102,109,4,2018-09-09,510.00,0.00,510.00,3
271000589102,109,5,2018-10-09,510.00,0.00,510.00,3
271000589102,109,6,2018-11-09,510.00,51000.00,51510.00,3
250804825245,108,1,2018-02-22,2970.00,48276.86,51246.86,3
250804825245,108,2,2018-03-22,2487.23,48759.63,51246.86,3
250804825245,108,3,2018-04-22,1999.64,49247.22,51246.86,3
250804825245,108,4,2018-05-22,1507.16,49739.70,51246.86,3
250804825245,108,5,2018-06-22,1009.77,50237.09,51246.86,3
250804825245,108,6,2018-07-22,507.36,50739.50,51246.86,3
251533251213,120,2,2018-04-07,4896.00,0.00,4896.00,3
251533251213,120,3,2018-05-07,4896.00,0.00,4896.00,3
251533251213,120,4,2018-06-07,4896.00,0.00,4896.00,3
251533251213,120,5,2018-07-07,4896.00,0.00,4896.00,3
251533251213,120,6,2018-08-07,4896.00,816000.00,820896.00,3
200417440082,114,7,2018-09-22,21836.25,134791.67,156627.92,3
200417440082,114,8,2018-10-22,20623.12,134791.67,155414.79,3
200417440082,114,9,2018-11-22,19410.00,134791.67,154201.67,3
200417440082,114,10,2018-12-22,18196.88,134791.67,152988.54,3
200417440082,114,11,2019-01-22,16983.75,134791.67,151775.42,3
200417440082,114,12,2019-02-22,15770.62,134791.67,150562.29,3
200417440082,114,13,2019-03-22,14557.50,134791.67,149349.17,3
200417440082,114,14,2019-04-22,13344.38,134791.67,148136.04,3
200417440082,114,15,2019-05-22,12131.25,134791.67,146922.92,3
200417440082,114,16,2019-06-22,10918.12,134791.67,145709.79,3
200417440082,114,17,2019-07-22,9705.00,134791.67,144496.67,3
200417440082,114,18,2019-08-22,8491.87,134791.67,143283.54,3
200417440082,114,19,2019-09-22,7278.75,134791.67,142070.42,3
200417440082,114,20,2019-10-22,6065.62,134791.67,140857.29,3
200417440082,114,21,2019-11-22,4852.50,134791.67,139644.17,3
200417440082,114,22,2019-12-22,3639.37,134791.67,138431.04,3
200417440082,114,23,2020-01-22,2426.25,134791.67,137217.92,3
200417440082,114,24,2020-02-22,1213.12,134791.67,136004.79,3
110206431171,107,4,2018-05-21,577.29,4312.81,4890.10,3
110206431171,107,5,2018-06-21,551.41,4338.69,4890.10,3
110206431171,107,6,2018-07-21,525.38,4364.72,4890.10,3
110206431171,107,7,2018-08-21,499.19,4390.91,4890.10,3
110206431171,107,8,2018-09-21,472.85,4417.25,4890.10,3
110206431171,107,9,2018-10-21,446.35,4443.75,4890.10,3
110206431171,107,10,2018-11-21,419.68,4470.42,4890.10,3
110206431171,107,11,2018-12-21,392.86,4497.24,4890.10,3
110206431171,107,12,2019-01-21,365.88,4524.22,4890.10,3
110206431171,107,13,2019-02-21,338.73,4551.37,4890.10,3
110206431171,107,14,2019-03-21,311.42,4578.68,4890.10,3
110206431171,107,15,2019-04-21,283.95,4606.15,4890.10,3
110206431171,107,16,2019-05-21,256.31,4633.79,4890.10,3
110206431171,107,17,2019-06-21,228.51,4661.59,4890.10,3
110206431171,107,18,2019-07-21,200.54,4689.56,4890.10,3
110206431171,107,19,2019-08-21,172.41,4717.69,4890.10,3
110206431171,107,20,2019-09-21,144.10,4746.00,4890.10,3
110206431171,107,21,2019-10-21,115.62,4774.48,4890.10,3
110206431171,107,22,2019-11-21,86.98,4803.12,4890.10,3
110206431171,107,23,2019-12-21,58.16,4831.94,4890.10,3
110206431171,107,24,2020-01-21,29.19,4860.91,4890.10,3
160413995463,117,1,2018-02-28,380.00,0.00,380.00,3
160413995463,117,2,2018-03-29,380.00,0.00,380.00,3
160413995463,117,3,2018-04-29,380.00,0.00,380.00,3
160413995463,117,4,2018-05-29,380.00,0.00,380.00,3
160413995463,117,5,2018-06-29,380.00,0.00,380.00,3
160413995463,117,6,2018-07-29,380.00,0.00,380.00,3
160413995463,117,7,2018-08-29,380.00,0.00,380.00,3
160413995463,117,8,2018-09-29,380.00,0.00,380.00,3
160413995463,117,9,2018-10-29,380.00,0.00,380.00,3
160413995463,117,10,2018-11-29,380.00,0.00,380.00,3
160413995463,117,11,2018-12-29,380.00,0.00,380.00,3
160413995463,117,12,2019-01-29,380.00,0.00,380.00,3
160413995463,117,13,2019-02-28,380.00,0.00,380.00,3
160413995463,117,14,2019-03-29,380.00,0.00,380.00,3
160413995463,117,15,2019-04-29,380.00,0.00,380.00,3
160413995463,117,16,2019-05-29,380.00,0.00,380.00,3
160413995463,117,17,2019-06-29,380.00,0.00,380.00,3
160413995463,117,18,2019-07-29,380.00,38000.00,38380.00,3
080813930886,108,8,2018-12-09,294.00,0.00,294.00,3
080813930886,108,9,2019-01-09,294.00,0.00,294.00,3
080813930886,108,10,2019-02-09,294.00,0.00,294.00,3
080813930886,108,11,2019-03-09,294.00,0.00,294.00,3
080813930886,108,12,2019-04-09,294.00,0.00,294.00,3
080813930886,108,13,2019-05-09,294.00,0.00,294.00,3
080813930886,108,14,2019-06-09,294.00,0.00,294.00,3
080813930886,108,15,2019-07-09,294.00,0.00,294.00,3
080813930886,108,16,2019-08-09,294.00,0.00,294.00,3
080813930886,108,17,2019-09-09,294.00,0.00,294.00,3
080813930886,108,18,2019-10-09,294.00,49000.00,49294.00,3
120692021218,105,1,2018-04-27,416.00,17195.40,17611.40,3
120692021218,105,2,2018-05-27,278.44,17332.96,17611.40,3
120692021218,105,3,2018-06-27,139.76,17471.64,17611.40,3
410043330694,109,7,2018-11-25,3151.22,42341.31,45492.53,3
410043330694,109,8,2018-12-25,2897.17,42595.36,45492.53,3
410043330694,109,9,2019-01-25,2641.60,42850.93,45492.53,3
410043330694,109,10,2019-02-25,2384.49,43108.04,45492.53,3
410043330694,109,11,2019-03-25,2125.84,43366.69,45492.53,3
410043330694,109,12,2019-04-25,1865.64,43626.89,45492.53,3
410043330694,109,13,2019-05-25,1603.88,43888.65,45492.53,3
410043330694,109,14,2019-06-25,1340.55,44151.98,45492.53,3
410043330694,109,15,2019-07-25,1075.64,44416.89,45492.53,3
410043330694,109,16,2019-08-25,809.14,44683.39,45492.53,3
410043330694,109,17,2019-09-25,541.04,44951.49,45492.53,3
410043330694,109,18,2019-10-25,271.23,45221.30,45492.53,3
261087765958,119,3,2018-07-13,12840.43,154811.52,167651.95,3
261087765958,119,4,2018-08-13,11601.93,156050.02,167651.95,3
261087765958,119,5,2018-09-13,10353.53,157298.42,167651.95,3
261087765958,119,6,2018-10-13,9095.15,158556.80,167651.95,3
261087765958,119,7,2018-11-13,7826.69,159825.26,167651.95,3
261087765958,119,8,2018-12-13,6548.09,161103.86,167651.95,3
261087765958,119,9,2019-01-13,5259.26,162392.69,167651.95,3
261087765958,119,10,2019-02-13,3960.12,163691.83,167651.95,3
261087765958,119,11,2019-03-13,2650.58,165001.37,167651.95,3
261087765958,119,12,2019-04-13,1330.53,166321.42,167651.95,3
131770998358,100,2,2018-03-03,16316.61,1355650.50,1371967.11,3
131770998358,100,3,2018-04-03,8182.72,1363784.39,1371967.11,3
060972698633,108,2,2018-06-07,107.67,1055.56,1163.22,3
060972698633,108,3,2018-07-07,101.33,1055.56,1156.89,3
060972698633,108,4,2018-08-07,95.00,1055.56,1150.56,3
060972698633,108,5,2018-09-07,88.67,1055.56,1144.22,3
060972698633,108,6,2018-10-07,82.33,1055.56,1137.89,3
060972698633,108,7,2018-11-07,76.00,1055.56,1131.56,3
060972698633,108,8,2018-12-07,69.67,1055.56,1125.22,3
060972698633,108,9,2019-01-07,63.33,1055.56,1118.89,3
060972698633,108,10,2019-02-07,57.00,1055.56,1112.56,3
060972698633,108,11,2019-03-07,50.67,1055.56,1106.22,3
060972698633,108,12,2019-04-07,44.33,1055.56,1099.89,3
060972698633,108,13,2019-05-07,38.00,1055.56,1093.56,3
060972698633,108,14,2019-06-07,31.67,1055.56,1087.22,3
060972698633,108,15,2019-07-07,25.33,1055.56,1080.89,3
060972698633,108,16,2019-08-07,19.00,1055.56,1074.56,3
060972698633,108,17,2019-09-07,12.67,1055.56,1068.22,3
060972698633,108,18,2019-10-07,6.33,1055.56,1061.89,3
400052040800,102,1,2018-02-21,32456.00,1341572.14,1374028.14,3
400052040800,102,2,2018-03-21,21723.42,1352304.72,1374028.14,3
400052040800,102,3,2018-04-21,10905.00,1363123.14,1374028.14,3
250836155270,103,6,2018-12-09,4369.10,76167.00,80536.10,3
250836155270,103,7,2019-01-09,3759.76,76776.34,80536.10,3
250836155270,103,8,2019-02-09,3145.55,77390.55,80536.10,3
250836155270,103,9,2019-03-09,2526.43,78009.67,80536.10,3
250836155270,103,10,2019-04-09,1902.35,78633.75,80536.10,3
250836155270,103,11,2019-05-09,1273.28,79262.82,80536.10,3
250836155270,103,12,2019-06-09,639.13,79896.97,80536.10,3
151173971176,103,2,2018-03-15,3876.00,38000.00,41876.00,3
151173971176,103,3,2018-04-15,3648.00,38000.00,41648.00,3
151173971176,103,4,2018-05-15,3420.00,38000.00,41420.00,3
151173971176,103,5,2018-06-15,3192.00,38000.00,41192.00,3
151173971176,103,6,2018-07-15,2964.00,38000.00,40964.00,3
151173971176,103,7,2018-08-15,2736.00,38000.00,40736.00,3
151173971176,103,8,2018-09-15,2508.00,38000.00,40508.00,3
151173971176,103,9,2018-10-15,2280.00,38000.00,40280.00,3
151173971176,103,10,2018-11-15,2052.00,38000.00,40052.00,3
151173971176,103,11,2018-12-15,1824.00,38000.00,39824.00,3
151173971176,103,12,2019-01-15,1596.00,38000.00,39596.00,3
151173971176,103,13,2019-02-15,1368.00,38000.00,39368.00,3
151173971176,103,14,2019-03-15,1140.00,38000.00,39140.00,3
151173971176,103,15,2019-04-15,912.00,38000.00,38912.00,3
151173971176,103,16,2019-05-15,684.00,38000.00,38684.00,3
151173971176,103,17,2019-06-15,456.00,38000.00,38456.00,3
151173971176,103,18,2019-07-15,228.00,38000.00,38228.00,3
060945063680,103,1,2018-06-13,12699.00,0.00,12699.00,3
060945063680,103,2,2018-07-13,12699.00,0.00,12699.00,3
060945063680,103,3,2018-08-13,12699.00,0.00,12699.00,3
060945063680,103,4,2018-09-13,12699.00,0.00,12699.00,3
060945063680,103,5,2018-10-13,12699.00,0.00,12699.00,3
060945063680,103,6,2018-11-13,12699.00,0.00,12699.00,3
060945063680,103,7,2018-12-13,12699.00,0.00,12699.00,3
060945063680,103,8,2019-01-13,12699.00,0.00,12699.00,3
060945063680,103,9,2019-02-13,12699.00,0.00,12699.00,3
060945063680,103,10,2019-03-13,12699.00,0.00,12699.00,3
060945063680,103,11,2019-04-13,12699.00,0.00,12699.00,3
060945063680,103,12,2019-05-13,12699.00,1411000.00,1423699.00,3
161026779603,106,11,2018-12-15,3756.67,38333.33,42090.00,3
161026779603,106,12,2019-01-15,3488.33,38333.33,41821.67,3
161026779603,106,13,2019-02-15,3220.00,38333.33,41553.33,3
161026779603,106,14,2019-03-15,2951.67,38333.33,41285.00,3
161026779603,106,15,2019-04-15,2683.33,38333.33,41016.67,3
161026779603,106,16,2019-05-15,2415.00,38333.33,40748.33,3
161026779603,106,17,2019-06-15,2146.67,38333.33,40480.00,3
161026779603,106,18,2019-07-15,1878.33,38333.33,40211.67,3
161026779603,106,19,2019-08-15,1610.00,38333.33,39943.33,3
161026779603,106,20,2019-09-15,1341.67,38333.33,39675.00,3
161026779603,106,21,2019-10-15,1073.33,38333.33,39406.67,3
161026779603,106,22,2019-11-15,805.00,38333.33,39138.33,3
161026779603,106,23,2019-12-15,536.67,38333.33,38870.00,3
161026779603,106,24,2020-01-15,268.33,38333.33,38601.67,3
070866907361,101,4,2018-09-01,2219.50,23641.89,25861.39,3
070866907361,101,5,2018-10-01,2077.65,23783.74,25861.39,3
070866907361,101,6,2018-11-01,1934.95,23926.44,25861.39,3
070866907361,101,7,2018-12-01,1791.39,24070.00,25861.39,3
070866907361,101,8,2019-01-01,1646.97,24214.42,25861.39,3
070866907361,101,9,2019-02-01,1501.68,24359.71,25861.39,3
070866907361,101,10,2019-03-01,1355.52,24505.87,25861.39,3
070866907361,101,11,2019-04-01,1208.49,24652.90,25861.39,3
070866907361,101,12,2019-05-01,1060.57,24800.82,25861.39,3
070866907361,101,13,2019-06-01,911.77,24949.62,25861.39,3
070866907361,101,14,2019-07-01,762.07,25099.32,25861.39,3
070866907361,101,15,2019-08-01,611.47,25249.92,25861.39,3
070866907361,101,16,2019-09-01,459.97,25401.42,25861.39,3
070866907361,101,17,2019-10-01,307.57,25553.82,25861.39,3
070866907361,101,18,2019-11-01,154.27,25707.12,25861.39,3
060937642747,107,4,2018-10-03,258.33,1722.22,1980.56,3
060937642747,107,5,2018-11-03,241.11,1722.22,1963.33,3
060937642747,107,6,2018-12-03,223.89,1722.22,1946.11,3
060937642747,107,7,2019-01-03,206.67,1722.22,1928.89,3
060937642747,107,8,2019-02-03,189.44,1722.22,1911.67,3
060937642747,107,9,2019-03-03,172.22,1722.22,1894.44,3
060937642747,107,10,2019-04-03,155.00,1722.22,1877.22,3
060937642747,107,11,2019-05-03,137.78,1722.22,1860.00,3
060937642747,107,12,2019-06-03,120.56,1722.22,1842.78,3
060937642747,107,13,2019-07-03,103.33,1722.22,1825.56,3
060937642747,107,14,2019-08-03,86.11,1722.22,1808.33,3
060937642747,107,15,2019-09-03,68.89,1722.22,1791.11,3
060937642747,107,16,2019-10-03,51.67,1722.22,1773.89,3
060937642747,107,17,2019-11-03,34.44,1722.22,1756.67,3
060937642747,107,18,2019-12-03,17.22,1722.22,1739.44,3
150216277816,109,2,2018-03-01,1168.38,11280.28,12448.66,3
150216277816,109,3,2018-04-01,1066.86,11381.80,12448.66,3
150216277816,109,4,2018-05-01,964.42,11484.24,12448.66,3
150216277816,109,5,2018-06-01,861.07,11587.59,12448.66,3
150216277816,109,6,2018-07-01,756.78,11691.88,12448.66,3
150216277816,109,7,2018-08-01,651.55,11797.11,12448.66,3
150216277816,109,8,2018-09-01,545.38,11903.28,12448.66,3
150216277816,109,9,2018-10-01,438.25,12010.41,12448.66,3
150216277816,109,10,2018-11-01,330.15,12118.51,12448.66,3
150216277816,109,11,2018-12-01,221.09,12227.57,12448.66,3
150216277816,109,12,2019-01-01,110.99,12337.67,12448.66,3
070572898435,108,15,2019-04-13,1202.50,20041.67,21244.17,3
070572898435,108,16,2019-05-13,1082.25,20041.67,21123.92,3
070572898435,108,17,2019-06-13,962.00,20041.67,21003.67,3
070572898435,108,18,2019-07-13,841.75,20041.67,20883.42,3
070572898435,108,19,2019-08-13,721.50,20041.67,20763.17,3
070572898435,108,20,2019-09-13,601.25,20041.67,20642.92,3
070572898435,108,21,2019-10-13,481.00,20041.67,20522.67,3
070572898435,108,22,2019-11-13,360.75,20041.67,20402.42,3
070572898435,108,23,2019-12-13,240.50,20041.67,20282.17,3
070572898435,108,24,2020-01-13,120.25,20041.67,20161.92,3
260288489965,113,12,2019-05-25,2070.75,230083.33,232154.08,3
181270894595,102,9,2018-11-12,2046.12,72312.86,74358.98,3
181270894595,102,10,2018-12-12,1539.93,72819.05,74358.98,3
181270894595,102,11,2019-01-12,1030.20,73328.78,74358.98,3
181270894595,102,12,2019-02-12,516.85,73842.13,74358.98,3
160636118060,120,8,2018-10-16,1820.00,0.00,1820.00,3
160636118060,120,9,2018-11-16,1820.00,0.00,1820.00,3
160636118060,120,10,2018-12-16,1820.00,0.00,1820.00,3
160636118060,120,11,2019-01-16,1820.00,0.00,1820.00,3
160636118060,120,12,2019-02-16,1820.00,0.00,1820.00,3
160636118060,120,13,2019-03-16,1820.00,0.00,1820.00,3
160636118060,120,14,2019-04-16,1820.00,0.00,1820.00,3
160636118060,120,15,2019-05-16,1820.00,0.00,1820.00,3
160636118060,120,16,2019-06-16,1820.00,0.00,1820.00,3
160636118060,120,17,2019-07-16,1820.00,0.00,1820.00,3
160636118060,120,18,2019-08-16,1820.00,182000.00,183820.00,3
111070424892,101,14,2019-07-25,990.00,0.00,990.00,3
111070424892,101,15,2019-08-25,990.00,0.00,990.00,3
111070424892,101,16,2019-09-25,990.00,0.00,990.00,3
111070424892,101,17,2019-10-25,990.00,0.00,990.00,3
111070424892,101,18,2019-11-25,990.00,165000.00,165990.00,3
061086695570,120,1,2018-04-08,9324.00,60393.57,69717.57,3
061086695570,120,2,2018-05-08,8961.64,60755.93,69717.57,3
061086695570,120,3,2018-06-08,8597.10,61120.47,69717.57,3
061086695570,120,4,2018-07-08,8230.38,61487.19,69717.57,3
061086695570,120,5,2018-08-08,7861.46,61856.11,69717.57,3
061086695570,120,6,2018-09-08,7490.32,62227.25,69717.57,3
061086695570,120,7,2018-10-08,7116.96,62600.61,69717.57,3
061086695570,120,8,2018-11-08,6741.35,62976.22,69717.57,3
061086695570,120,9,2018-12-08,6363.50,63354.07,69717.57,3
061086695570,120,10,2019-01-08,5983.37,63734.20,69717.57,3
061086695570,120,11,2019-02-08,5600.97,64116.60,69717.57,3
061086695570,120,12,2019-03-08,5216.27,64501.30,69717.57,3
061086695570,120,13,2019-04-08,4829.26,64888.31,69717.57,3
061086695570,120,14,2019-05-08,4439.93,65277.64,69717.57,3
061086695570,120,15,2019-06-08,4048.26,65669.31,69717.57,3
061086695570,120,16,2019-07-08,3654.25,66063.32,69717.57,3
061086695570,120,17,2019-08-08,3257.87,66459.70,69717.57,3
061086695570,120,18,2019-09-08,2859.11,66858.46,69717.57,3
061086695570,120,19,2019-10-08,2457.96,67259.61,69717.57,3
061086695570,120,20,2019-11-08,2054.40,67663.17,69717.57,3
061086695570,120,21,2019-12-08,1648.42,68069.15,69717.57,3
061086695570,120,22,2020-01-08,1240.01,68477.56,69717.57,3
061086695570,120,23,2020-02-08,829.14,68888.43,69717.57,3
061086695570,120,24,2020-03-08,415.75,69301.82,69717.57,3
400076473204,111,1,2018-04-30,200.00,8267.02,8467.02,3
400076473204,111,2,2018-05-31,133.86,8333.16,8467.02,3
400076473204,111,3,2018-06-30,67.20,8399.82,8467.02,3
190877888219,114,7,2018-12-01,4482.46,44673.33,49155.79,3
190877888219,114,8,2019-01-01,4125.08,45030.71,49155.79,3
190877888219,114,9,2019-02-01,3764.83,45390.96,49155.79,3
190877888219,114,10,2019-03-01,3401.70,45754.09,49155.79,3
190877888219,114,11,2019-04-01,3035.67,46120.12,49155.79,3
190877888219,114,12,2019-05-01,2666.71,46489.08,49155.79,3
190877888219,114,13,2019-06-01,2294.80,46860.99,49155.79,3
190877888219,114,14,2019-07-01,1919.91,47235.88,49155.79,3
190877888219,114,15,2019-08-01,1542.02,47613.77,49155.79,3
190877888219,114,16,2019-09-01,1161.11,47994.68,49155.79,3
190877888219,114,17,2019-10-01,777.15,48378.64,49155.79,3
190877888219,114,18,2019-11-01,390.16,48765.63,49155.79,3
300253070097,114,6,2019-01-21,1359.17,19416.67,20775.83,3
300253070097,114,7,2019-02-21,1165.00,19416.67,20581.67,3
300253070097,114,8,2019-03-21,970.83,19416.67,20387.50,3
300253070097,114,9,2019-04-21,776.67,19416.67,20193.33,3
300253070097,114,10,2019-05-21,582.50,19416.67,19999.17,3
300253070097,114,11,2019-06-21,388.33,19416.67,19805.00,3
300253070097,114,12,2019-07-21,194.17,19416.67,19610.83,3
181254466440,105,2,2018-09-28,6876.50,44944.44,51820.94,3
181254466440,105,3,2018-10-28,6472.00,44944.44,51416.44,3
181254466440,105,4,2018-11-28,6067.50,44944.44,51011.94,3
181254466440,105,5,2018-12-28,5663.00,44944.44,50607.44,3
181254466440,105,6,2019-01-28,5258.50,44944.44,50202.94,3
181254466440,105,7,2019-02-28,4854.00,44944.44,49798.44,3
181254466440,105,8,2019-03-28,4449.50,44944.44,49393.94,3
181254466440,105,9,2019-04-28,4045.00,44944.44,48989.44,3
181254466440,105,10,2019-05-28,3640.50,44944.44,48584.94,3
181254466440,105,11,2019-06-28,3236.00,44944.44,48180.44,3
181254466440,105,12,2019-07-28,2831.50,44944.44,47775.94,3
181254466440,105,13,2019-08-28,2427.00,44944.44,47371.44,3
181254466440,105,14,2019-09-28,2022.50,44944.44,46966.94,3
181254466440,105,15,2019-10-28,1618.00,44944.44,46562.44,3
181254466440,105,16,2019-11-28,1213.50,44944.44,46157.94,3
181254466440,105,17,2019-12-28,809.00,44944.44,45753.44,3
181254466440,105,18,2020-01-28,404.50,44944.44,45348.94,3
240502510431,106,4,2018-07-29,4012.50,44583.33,48595.83,3
240502510431,106,5,2018-08-29,3566.67,44583.33,48150.00,3
240502510431,106,6,2018-09-29,3120.83,44583.33,47704.17,3
240502510431,106,7,2018-10-29,2675.00,44583.33,47258.33,3
240502510431,106,8,2018-11-29,2229.17,44583.33,46812.50,3
240502510431,106,9,2018-12-29,1783.33,44583.33,46366.67,3
240502510431,106,10,2019-01-29,1337.50,44583.33,45920.83,3
240502510431,106,11,2019-02-28,891.67,44583.33,45475.00,3
240502510431,106,12,2019-03-29,445.83,44583.33,45029.17,3
060611467848,112,12,2019-03-08,955.50,12250.00,13205.50,3
060611467848,112,13,2019-04-08,882.00,12250.00,13132.00,3
060611467848,112,14,2019-05-08,808.50,12250.00,13058.50,3
060611467848,112,15,2019-06-08,735.00,12250.00,12985.00,3
060611467848,112,16,2019-07-08,661.50,12250.00,12911.50,3
060611467848,112,17,2019-08-08,588.00,12250.00,12838.00,3
060611467848,112,18,2019-09-08,514.50,12250.00,12764.50,3
060611467848,112,19,2019-10-08,441.00,12250.00,12691.00,3
060611467848,112,20,2019-11-08,367.50,12250.00,12617.50,3
060611467848,112,21,2019-12-08,294.00,12250.00,12544.00,3
060611467848,112,22,2020-01-08,220.50,12250.00,12470.50,3
060611467848,112,23,2020-02-08,147.00,12250.00,12397.00,3
060611467848,112,24,2020-03-08,73.50,12250.00,12323.50,3
171306707836,104,2,2018-03-11,1177.00,17833.33,19010.33,3
171306707836,104,3,2018-04-11,1070.00,17833.33,18903.33,3
171306707836,104,4,2018-05-11,963.00,17833.33,18796.33,3
171306707836,104,5,2018-06-11,856.00,17833.33,18689.33,3
171306707836,104,6,2018-07-11,749.00,17833.33,18582.33,3
171306707836,104,7,2018-08-11,642.00,17833.33,18475.33,3
171306707836,104,8,2018-09-11,535.00,17833.33,18368.33,3
171306707836,104,9,2018-10-11,428.00,17833.33,18261.33,3
171306707836,104,10,2018-11-11,321.00,17833.33,18154.33,3
171306707836,104,11,2018-12-11,214.00,17833.33,18047.33,3
171306707836,104,12,2019-01-11,107.00,17833.33,17940.33,3
060636548291,111,1,2018-07-07,5103.00,0.00,5103.00,3
060636548291,111,2,2018-08-07,5103.00,0.00,5103.00,3
060636548291,111,3,2018-09-07,5103.00,0.00,5103.00,3
060636548291,111,4,2018-10-07,5103.00,0.00,5103.00,3
060636548291,111,5,2018-11-07,5103.00,0.00,5103.00,3
060636548291,111,6,2018-12-07,5103.00,729000.00,734103.00,3
200428477090,120,8,2018-11-30,7198.01,105828.02,113026.03,3
200428477090,120,9,2018-12-31,6563.04,106462.99,113026.03,3
200428477090,120,10,2019-01-31,5924.26,107101.77,113026.03,3
200428477090,120,11,2019-02-28,5281.65,107744.38,113026.03,3
200428477090,120,12,2019-03-31,4635.18,108390.85,113026.03,3
200428477090,120,13,2019-04-30,3984.84,109041.19,113026.03,3
200428477090,120,14,2019-05-31,3330.59,109695.44,113026.03,3
200428477090,120,15,2019-06-30,2672.42,110353.61,113026.03,3
200428477090,120,16,2019-07-31,2010.30,111015.73,113026.03,3
200428477090,120,17,2019-08-31,1344.20,111681.83,113026.03,3
200428477090,120,18,2019-09-30,674.19,112351.84,113026.03,3
071362664367,113,9,2019-03-30,3812.36,37955.37,41767.73,3
071362664367,113,10,2019-04-30,3584.63,38183.10,41767.73,3
071362664367,113,11,2019-05-30,3355.53,38412.20,41767.73,3
071362664367,113,12,2019-06-30,3125.06,38642.67,41767.73,3
071362664367,113,13,2019-07-30,2893.20,38874.53,41767.73,3
071362664367,113,14,2019-08-30,2659.96,39107.77,41767.73,3
071362664367,113,15,2019-09-30,2425.31,39342.42,41767.73,3
071362664367,113,16,2019-10-30,2189.26,39578.47,41767.73,3
071362664367,113,17,2019-11-30,1951.79,39815.94,41767.73,3
071362664367,113,18,2019-12-30,1712.89,40054.84,41767.73,3
071362664367,113,19,2020-01-30,1472.56,40295.17,41767.73,3
071362664367,113,20,2020-02-29,1230.79,40536.94,41767.73,3
071362664367,113,21,2020-03-30,987.57,40780.16,41767.73,3
410034795122,101,6,2018-10-20,2232.50,19583.33,21815.83,3
410034795122,101,7,2018-11-20,2115.00,19583.33,21698.33,3
410034795122,101,8,2018-12-20,1997.50,19583.33,21580.83,3
410034795122,101,9,2019-01-20,1880.00,19583.33,21463.33,3
410034795122,101,10,2019-02-20,1762.50,19583.33,21345.83,3
410034795122,101,11,2019-03-20,1645.00,19583.33,21228.33,3
410034795122,101,12,2019-04-20,1527.50,19583.33,21110.83,3
410034795122,101,13,2019-05-20,1410.00,19583.33,20993.33,3
410034795122,101,14,2019-06-20,1292.50,19583.33,20875.83,3
410034795122,101,15,2019-07-20,1175.00,19583.33,20758.33,3
410034795122,101,16,2019-08-20,1057.50,19583.33,20640.83,3
410034795122,101,17,2019-09-20,940.00,19583.33,20523.33,3
410034795122,101,18,2019-10-20,822.50,19583.33,20405.83,3
410034795122,101,19,2019-11-20,705.00,19583.33,20288.33,3
410034795122,101,20,2019-12-20,587.50,19583.33,20170.83,3
410034795122,101,21,2020-01-20,470.00,19583.33,20053.33,3
410034795122,101,22,2020-02-20,352.50,19583.33,19935.83,3
410034795122,101,23,2020-03-20,235.00,19583.33,19818.33,3
410034795122,101,24,2020-04-20,117.50,19583.33,19700.83,3
070594711095,106,6,2018-10-10,443.33,44333.33,44776.67,3
180490906247,106,2,2018-07-03,234.26,5763.49,5997.75,3
180490906247,106,3,2018-08-03,188.15,5809.60,5997.75,3
180490906247,106,4,2018-09-03,141.67,5856.08,5997.75,3
180490906247,106,5,2018-10-03,94.82,5902.93,5997.75,3
180490906247,106,6,2018-11-03,47.60,5950.15,5997.75,3
261039944410,113,12,2019-06-10,3964.23,49019.33,52983.56,3
261039944410,113,13,2019-07-10,3670.11,49313.45,52983.56,3
261039944410,113,14,2019-08-10,3374.23,49609.33,52983.56,3
261039944410,113,15,2019-09-10,3076.58,49906.98,52983.56,3
261039944410,113,16,2019-10-10,2777.13,50206.43,52983.56,3
261039944410,113,17,2019-11-10,2475.90,50507.66,52983.56,3
261039944410,113,18,2019-12-10,2172.85,50810.71,52983.56,3
261039944410,113,19,2020-01-10,1867.98,51115.58,52983.56,3
261039944410,113,20,2020-02-10,1561.29,51422.27,52983.56,3
261039944410,113,21,2020-03-10,1252.76,51730.80,52983.56,3
261039944410,113,22,2020-04-10,942.37,52041.19,52983.56,3
250868772473,101,6,2019-01-05,4368.00,0.00,4368.00,3
250868772473,101,7,2019-02-05,4368.00,0.00,4368.00,3
250868772473,101,8,2019-03-05,4368.00,0.00,4368.00,3
250868772473,101,9,2019-04-05,4368.00,0.00,4368.00,3
250868772473,101,10,2019-05-05,4368.00,0.00,4368.00,3
250868772473,101,11,2019-06-05,4368.00,0.00,4368.00,3
250868772473,101,12,2019-07-05,4368.00,0.00,4368.00,3
250868772473,101,13,2019-08-05,4368.00,0.00,4368.00,3
250868772473,101,14,2019-09-05,4368.00,0.00,4368.00,3
250868772473,101,15,2019-10-05,4368.00,0.00,4368.00,3
250868772473,101,16,2019-11-05,4368.00,0.00,4368.00,3
250868772473,101,17,2019-12-05,4368.00,0.00,4368.00,3
250868772473,101,18,2020-01-05,4368.00,728000.00,732368.00,3
300685254388,120,4,2018-07-02,170.00,0.00,170.00,3
300685254388,120,5,2018-08-02,170.00,0.00,170.00,3
300685254388,120,6,2018-09-02,170.00,0.00,170.00,3
300685254388,120,7,2018-10-02,170.00,0.00,170.00,3
300685254388,120,8,2018-11-02,170.00,0.00,170.00,3
300685254388,120,9,2018-12-02,170.00,0.00,170.00,3
300685254388,120,10,2019-01-02,170.00,0.00,170.00,3
300685254388,120,11,2019-02-02,170.00,0.00,170.00,3
300685254388,120,12,2019-03-02,170.00,17000.00,17170.00,3
230230155932,103,2,2018-08-21,51.00,500.00,551.00,3
230230155932,103,3,2018-09-21,48.00,500.00,548.00,3
230230155932,103,4,2018-10-21,45.00,500.00,545.00,3
230230155932,103,5,2018-11-21,42.00,500.00,542.00,3
230230155932,103,6,2018-12-21,39.00,500.00,539.00,3
230230155932,103,7,2019-01-21,36.00,500.00,536.00,3
230230155932,103,8,2019-02-21,33.00,500.00,533.00,3
230230155932,103,9,2019-03-21,30.00,500.00,530.00,3
230230155932,103,10,2019-04-21,27.00,500.00,527.00,3
230230155932,103,11,2019-05-21,24.00,500.00,524.00,3
230230155932,103,12,2019-06-21,21.00,500.00,521.00,3
230230155932,103,13,2019-07-21,18.00,500.00,518.00,3
230230155932,103,14,2019-08-21,15.00,500.00,515.00,3
230230155932,103,15,2019-09-21,12.00,500.00,512.00,3
230230155932,103,16,2019-10-21,9.00,500.00,509.00,3
230230155932,103,17,2019-11-21,6.00,500.00,506.00,3
230230155932,103,18,2019-12-21,3.00,500.00,503.00,3
121002999906,115,7,2019-02-03,27981.00,0.00,27981.00,3
121002999906,115,8,2019-03-03,27981.00,0.00,27981.00,3
121002999906,115,9,2019-04-03,27981.00,0.00,27981.00,3
121002999906,115,10,2019-05-03,27981.00,0.00,27981.00,3
121002999906,115,11,2019-06-03,27981.00,0.00,27981.00,3
121002999906,115,12,2019-07-03,27981.00,0.00,27981.00,3
121002999906,115,13,2019-08-03,27981.00,0.00,27981.00,3
121002999906,115,14,2019-09-03,27981.00,0.00,27981.00,3
121002999906,115,15,2019-10-03,27981.00,0.00,27981.00,3
121002999906,115,16,2019-11-03,27981.00,0.00,27981.00,3
121002999906,115,17,2019-12-03,27981.00,0.00,27981.00,3
121002999906,115,18,2020-01-03,27981.00,3109000.00,3136981.00,3
290423168637,110,21,2020-04-15,908.00,37833.33,38741.33,3
300579790040,102,7,2018-11-02,132.00,0.00,132.00,3
300579790040,102,8,2018-12-02,132.00,0.00,132.00,3
300579790040,102,9,2019-01-02,132.00,0.00,132.00,3
300579790040,102,10,2019-02-02,132.00,0.00,132.00,3
300579790040,102,11,2019-03-02,132.00,0.00,132.00,3
300579790040,102,12,2019-04-02,132.00,0.00,132.00,3
300579790040,102,13,2019-05-02,132.00,0.00,132.00,3
300579790040,102,14,2019-06-02,132.00,0.00,132.00,3
300579790040,102,15,2019-07-02,132.00,0.00,132.00,3
300579790040,102,16,2019-08-02,132.00,0.00,132.00,3
300579790040,102,17,2019-09-02,132.00,0.00,132.00,3
300579790040,102,18,2019-10-02,132.00,0.00,132.00,3
300579790040,102,19,2019-11-02,132.00,0.00,132.00,3
300579790040,102,20,2019-12-02,132.00,0.00,132.00,3
300579790040,102,21,2020-01-02,132.00,0.00,132.00,3
300579790040,102,22,2020-02-02,132.00,0.00,132.00,3
300579790040,102,23,2020-03-02,132.00,0.00,132.00,3
300579790040,102,24,2020-04-02,132.00,22000.00,22132.00,3
260980358574,113,22,2020-02-17,5016.00,0.00,5016.00,3
260980358574,113,23,2020-03-17,5016.00,0.00,5016.00,3
260980358574,113,24,2020-04-17,5016.00,836000.00,841016.00,3
151198078034,110,1,2018-02-28,48150.00,267500.00,315650.00,3
151198078034,110,2,2018-03-28,45475.00,267500.00,312975.00,3
151198078034,110,3,2018-04-28,42800.00,267500.00,310300.00,3
151198078034,110,4,2018-05-28,40125.00,267500.00,307625.00,3
151198078034,110,5,2018-06-28,37450.00,267500.00,304950.00,3
151198078034,110,6,2018-07-28,34775.00,267500.00,302275.00,3
151198078034,110,7,2018-08-28,32100.00,267500.00,299600.00,3
151198078034,110,8,2018-09-28,29425.00,267500.00,296925.00,3
151198078034,110,9,2018-10-28,26750.00,267500.00,294250.00,3
151198078034,110,10,2018-11-28,24075.00,267500.00,291575.00,3
151198078034,110,11,2018-12-28,21400.00,267500.00,288900.00,3
151198078034,110,12,2019-01-28,18725.00,267500.00,286225.00,3
151198078034,110,13,2019-02-28,16050.00,267500.00,283550.00,3
151198078034,110,14,2019-03-28,13375.00,267500.00,280875.00,3
151198078034,110,15,2019-04-28,10700.00,267500.00,278200.00,3
151198078034,110,16,2019-05-28,8025.00,267500.00,275525.00,3
151198078034,110,17,2019-06-28,5350.00,267500.00,272850.00,3
151198078034,110,18,2019-07-28,2675.00,267500.00,270175.00,3
061066953411,107,14,2019-03-22,86.60,2852.19,2938.79,3
061066953411,107,15,2019-04-22,69.49,2869.30,2938.79,3
061066953411,107,16,2019-05-22,52.27,2886.52,2938.79,3
061066953411,107,17,2019-06-22,34.95,2903.84,2938.79,3
061066953411,107,18,2019-07-22,17.42,2921.37,2938.79,3
150918158644,101,3,2018-10-12,392.00,3500.00,3892.00,3
150918158644,101,4,2018-11-12,367.50,3500.00,3867.50,3
150918158644,101,5,2018-12-12,343.00,3500.00,3843.00,3
150918158644,101,6,2019-01-12,318.50,3500.00,3818.50,3
150918158644,101,7,2019-02-12,294.00,3500.00,3794.00,3
150918158644,101,8,2019-03-12,269.50,3500.00,3769.50,3
150918158644,101,9,2019-04-12,245.00,3500.00,3745.00,3
150918158644,101,10,2019-05-12,220.50,3500.00,3720.50,3
150918158644,101,11,2019-06-12,196.00,3500.00,3696.00,3
150918158644,101,12,2019-07-12,171.50,3500.00,3671.50,3
150918158644,101,13,2019-08-12,147.00,3500.00,3647.00,3
150918158644,101,14,2019-09-12,122.50,3500.00,3622.50,3
150918158644,101,15,2019-10-12,98.00,3500.00,3598.00,3
150918158644,101,16,2019-11-12,73.50,3500.00,3573.50,3
150918158644,101,17,2019-12-12,49.00,3500.00,3549.00,3
150918158644,101,18,2020-01-12,24.50,3500.00,3524.50,3
110228246915,101,5,2018-12-14,973.33,12166.67,13140.00,3
110228246915,101,6,2019-01-14,851.67,12166.67,13018.33,3
110228246915,101,7,2019-02-14,730.00,12166.67,12896.67,3
110228246915,101,8,2019-03-14,608.33,12166.67,12775.00,3
110228246915,101,9,2019-04-14,486.67,12166.67,12653.33,3
110228246915,101,10,2019-05-14,365.00,12166.67,12531.67,3
110228246915,101,11,2019-06-14,243.33,12166.67,12410.00,3
110228246915,101,12,2019-07-14,121.67,12166.67,12288.33,3
071359662921,103,4,2018-06-07,7596.00,0.00,7596.00,3
071359662921,103,5,2018-07-07,7596.00,0.00,7596.00,3
071359662921,103,6,2018-08-07,7596.00,1266000.00,1273596.00,3
071533305921,119,4,2018-11-01,6113.72,65122.65,71236.37,3
071533305921,119,5,2018-12-01,5722.98,65513.39,71236.37,3
071533305921,119,6,2019-01-01,5329.90,65906.47,71236.37,3
071533305921,119,7,2019-02-01,4934.46,66301.91,71236.37,3
071533305921,119,8,2019-03-01,4536.65,66699.72,71236.37,3
071533305921,119,9,2019-04-01,4136.45,67099.92,71236.37,3
071533305921,119,10,2019-05-01,3733.86,67502.51,71236.37,3
071533305921,119,11,2019-06-01,3328.84,67907.53,71236.37,3
071533305921,119,12,2019-07-01,2921.39,68314.98,71236.37,3
071533305921,119,13,2019-08-01,2511.50,68724.87,71236.37,3
071533305921,119,14,2019-09-01,2099.16,69137.21,71236.37,3
071533305921,119,15,2019-10-01,1684.33,69552.04,71236.37,3
071533305921,119,16,2019-11-01,1267.02,69969.35,71236.37,3
071533305921,119,17,2019-12-01,847.20,70389.17,71236.37,3
071533305921,119,18,2020-01-01,424.87,70811.50,71236.37,3
040983190133,102,6,2018-07-05,4677.17,35166.67,39843.83,3
040983190133,102,7,2018-08-05,4431.00,35166.67,39597.67,3
040983190133,102,8,2018-09-05,4184.83,35166.67,39351.50,3
040983190133,102,9,2018-10-05,3938.67,35166.67,39105.33,3
040983190133,102,10,2018-11-05,3692.50,35166.67,38859.17,3
040983190133,102,11,2018-12-05,3446.33,35166.67,38613.00,3
040983190133,102,12,2019-01-05,3200.17,35166.67,38366.83,3
040983190133,102,13,2019-02-05,2954.00,35166.67,38120.67,3
040983190133,102,14,2019-03-05,2707.83,35166.67,37874.50,3
040983190133,102,15,2019-04-05,2461.67,35166.67,37628.33,3
040983190133,102,16,2019-05-05,2215.50,35166.67,37382.17,3
040983190133,102,17,2019-06-05,1969.33,35166.67,37136.00,3
040983190133,102,18,2019-07-05,1723.17,35166.67,36889.83,3
040983190133,102,19,2019-08-05,1477.00,35166.67,36643.67,3
040983190133,102,20,2019-09-05,1230.83,35166.67,36397.50,3
040983190133,102,21,2019-10-05,984.67,35166.67,36151.33,3
040983190133,102,22,2019-11-05,738.50,35166.67,35905.17,3
040983190133,102,23,2019-12-05,492.33,35166.67,35659.00,3
040983190133,102,24,2020-01-05,246.17,35166.67,35412.83,3
210750537327,107,6,2018-12-05,404.25,8250.00,8654.25,3
210750537327,107,7,2019-01-05,346.50,8250.00,8596.50,3
210750537327,107,8,2019-02-05,288.75,8250.00,8538.75,3
210750537327,107,9,2019-03-05,231.00,8250.00,8481.00,3
210750537327,107,10,2019-04-05,173.25,8250.00,8423.25,3
210750537327,107,11,2019-05-05,115.50,8250.00,8365.50,3
210750537327,107,12,2019-06-05,57.75,8250.00,8307.75,3
171363045512,113,10,2018-12-01,5531.25,61458.33,66989.58,3
171363045512,113,11,2019-01-01,5162.50,61458.33,66620.83,3
171363045512,113,12,2019-02-01,4793.75,61458.33,66252.08,3
171363045512,113,13,2019-03-01,4425.00,61458.33,65883.33,3
171363045512,113,14,2019-04-01,4056.25,61458.33,65514.58,3
171363045512,113,15,2019-05-01,3687.50,61458.33,65145.83,3
171363045512,113,16,2019-06-01,3318.75,61458.33,64777.08,3
171363045512,113,17,2019-07-01,2950.00,61458.33,64408.33,3
171363045512,113,18,2019-08-01,2581.25,61458.33,64039.58,3
171363045512,113,19,2019-09-01,2212.50,61458.33,63670.83,3
171363045512,113,20,2019-10-01,1843.75,61458.33,63302.08,3
171363045512,113,21,2019-11-01,1475.00,61458.33,62933.33,3
171363045512,113,22,2019-12-01,1106.25,61458.33,62564.58,3
171363045512,113,23,2020-01-01,737.50,61458.33,62195.83,3
171363045512,113,24,2020-02-01,368.75,61458.33,61827.08,3
210759595096,115,5,2018-07-13,1397.81,21236.52,22634.33,3
210759595096,115,6,2018-08-13,1227.92,21406.41,22634.33,3
210759595096,115,7,2018-09-13,1056.66,21577.67,22634.33,3
210759595096,115,8,2018-10-13,884.04,21750.29,22634.33,3
210759595096,115,9,2018-11-13,710.04,21924.29,22634.33,3
210759595096,115,10,2018-12-13,534.65,22099.68,22634.33,3
210759595096,115,11,2019-01-13,357.85,22276.48,22634.33,3
210759595096,115,12,2019-02-13,179.64,22454.69,22634.33,3
111072592205,110,1,2018-02-20,31320.00,0.00,31320.00,3
111072592205,110,2,2018-03-20,31320.00,0.00,31320.00,3
111072592205,110,3,2018-04-20,31320.00,3480000.00,3511320.00,3
160296060869,100,5,2018-12-25,55.65,437.85,493.50,3
160296060869,100,6,2019-01-25,53.02,440.48,493.50,3
160296060869,100,7,2019-02-25,50.38,443.12,493.50,3
160296060869,100,8,2019-03-25,47.72,445.78,493.50,3
160296060869,100,9,2019-04-25,45.04,448.46,493.50,3
160296060869,100,10,2019-05-25,42.35,451.15,493.50,3
160296060869,100,11,2019-06-25,39.65,453.85,493.50,3
160296060869,100,12,2019-07-25,36.92,456.58,493.50,3
160296060869,100,13,2019-08-25,34.18,459.32,493.50,3
160296060869,100,14,2019-09-25,31.43,462.07,493.50,3
160296060869,100,15,2019-10-25,28.66,464.84,493.50,3
160296060869,100,16,2019-11-25,25.87,467.63,493.50,3
160296060869,100,17,2019-12-25,23.06,470.44,493.50,3
160296060869,100,18,2020-01-25,20.24,473.26,493.50,3
160296060869,100,19,2020-02-25,17.40,476.10,493.50,3
160296060869,100,20,2020-03-25,14.54,478.96,493.50,3
160296060869,100,21,2020-04-25,11.67,481.83,493.50,3
071303490243,120,7,2018-09-25,678.00,4708.33,5386.33,3
071303490243,120,8,2018-10-25,640.33,4708.33,5348.67,3
071303490243,120,9,2018-11-25,602.67,4708.33,5311.00,3
071303490243,120,10,2018-12-25,565.00,4708.33,5273.33,3
071303490243,120,11,2019-01-25,527.33,4708.33,5235.67,3
071303490243,120,12,2019-02-25,489.67,4708.33,5198.00,3
071303490243,120,13,2019-03-25,452.00,4708.33,5160.33,3
071303490243,120,14,2019-04-25,414.33,4708.33,5122.67,3
071303490243,120,15,2019-05-25,376.67,4708.33,5085.00,3
071303490243,120,16,2019-06-25,339.00,4708.33,5047.33,3
071303490243,120,17,2019-07-25,301.33,4708.33,5009.67,3
071303490243,120,18,2019-08-25,263.67,4708.33,4972.00,3
071303490243,120,19,2019-09-25,226.00,4708.33,4934.33,3
071303490243,120,20,2019-10-25,188.33,4708.33,4896.67,3
071303490243,120,21,2019-11-25,150.67,4708.33,4859.00,3
071303490243,120,22,2019-12-25,113.00,4708.33,4821.33,3
071303490243,120,23,2020-01-25,75.33,4708.33,4783.67,3
071303490243,120,24,2020-02-25,37.67,4708.33,4746.00,3
071365044605,120,3,2018-09-18,311.85,51976.05,52287.90,3
110200744988,105,4,2018-11-17,155.06,5691.44,5846.50,3
110200744988,105,5,2018-12-17,103.83,5742.67,5846.50,3
110200744988,105,6,2019-01-17,52.15,5794.35,5846.50,3
121059317003,105,4,2018-11-04,224.63,3021.38,3246.01,3
121059317003,105,5,2018-12-04,200.46,3045.55,3246.01,3
121059317003,105,6,2019-01-04,176.10,3069.91,3246.01,3
121059317003,105,7,2019-02-04,151.54,3094.47,3246.01,3
121059317003,105,8,2019-03-04,126.78,3119.23,3246.01,3
121059317003,105,9,2019-04-04,101.83,3144.18,3246.01,3
121059317003,105,10,2019-05-04,76.67,3169.34,3246.01,3
121059317003,105,11,2019-06-04,51.32,3194.69,3246.01,3
121059317003,105,12,2019-07-04,25.78,3220.23,3246.01,3
380375864870,119,1,2018-07-10,3290.00,37681.54,40971.54,3
380375864870,119,2,2018-08-10,3026.23,37945.31,40971.54,3
380375864870,119,3,2018-09-10,2760.61,38210.93,40971.54,3
380375864870,119,4,2018-10-10,2493.14,38478.40,40971.54,3
380375864870,119,5,2018-11-10,2223.79,38747.75,40971.54,3
380375864870,119,6,2018-12-10,1952.55,39018.99,40971.54,3
380375864870,119,7,2019-01-10,1679.42,39292.12,40971.54,3
380375864870,119,8,2019-02-10,1404.37,39567.17,40971.54,3
380375864870,119,9,2019-03-10,1127.40,39844.14,40971.54,3
380375864870,119,10,2019-04-10,848.50,40123.04,40971.54,3
380375864870,119,11,2019-05-10,567.63,40403.91,40971.54,3
380375864870,119,12,2019-06-10,284.84,40686.70,40971.54,3
070543957394,119,1,2018-03-12,175.00,0.00,175.00,3
070543957394,119,2,2018-04-12,175.00,0.00,175.00,3
070543957394,119,3,2018-05-12,175.00,0.00,175.00,3
070543957394,119,4,2018-06-12,175.00,0.00,175.00,3
070543957394,119,5,2018-07-12,175.00,0.00,175.00,3
070543957394,119,6,2018-08-12,175.00,25000.00,25175.00,3
050775897873,105,2,2018-03-25,21.33,1333.33,1354.67,3
050775897873,105,3,2018-04-25,10.67,1333.33,1344.00,3
260298268889,115,3,2018-08-23,4697.00,0.00,4697.00,3
260298268889,115,4,2018-09-23,4697.00,0.00,4697.00,3
260298268889,115,5,2018-10-23,4697.00,0.00,4697.00,3
260298268889,115,6,2018-11-23,4697.00,0.00,4697.00,3
260298268889,115,7,2018-12-23,4697.00,0.00,4697.00,3
260298268889,115,8,2019-01-23,4697.00,0.00,4697.00,3
260298268889,115,9,2019-02-23,4697.00,0.00,4697.00,3
260298268889,115,10,2019-03-23,4697.00,0.00,4697.00,3
260298268889,115,11,2019-04-23,4697.00,0.00,4697.00,3
260298268889,115,12,2019-05-23,4697.00,0.00,4697.00,3
260298268889,115,13,2019-06-23,4697.00,0.00,4697.00,3
260298268889,115,14,2019-07-23,4697.00,0.00,4697.00,3
260298268889,115,15,2019-08-23,4697.00,0.00,4697.00,3
260298268889,115,16,2019-09-23,4697.00,0.00,4697.00,3
260298268889,115,17,2019-10-23,4697.00,0.00,4697.00,3
260298268889,115,18,2019-11-23,4697.00,0.00,4697.00,3
260298268889,115,19,2019-12-23,4697.00,0.00,4697.00,3
260298268889,115,20,2020-01-23,4697.00,0.00,4697.00,3
260298268889,115,21,2020-02-23,4697.00,0.00,4697.00,3
260298268889,115,22,2020-03-23,4697.00,0.00,4697.00,3
260298268889,115,23,2020-04-23,4697.00,0.00,4697.00,3
290203555634,104,1,2018-02-20,3437.00,0.00,3437.00,3
290203555634,104,2,2018-03-20,3437.00,0.00,3437.00,3
290203555634,104,3,2018-04-20,3437.00,0.00,3437.00,3
290203555634,104,4,2018-05-20,3437.00,0.00,3437.00,3
290203555634,104,5,2018-06-20,3437.00,0.00,3437.00,3
290203555634,104,6,2018-07-20,3437.00,0.00,3437.00,3
290203555634,104,7,2018-08-20,3437.00,0.00,3437.00,3
290203555634,104,8,2018-09-20,3437.00,0.00,3437.00,3
290203555634,104,9,2018-10-20,3437.00,0.00,3437.00,3
290203555634,104,10,2018-11-20,3437.00,0.00,3437.00,3
290203555634,104,11,2018-12-20,3437.00,0.00,3437.00,3
290203555634,104,12,2019-01-20,3437.00,491000.00,494437.00,3
280627779523,118,2,2018-04-21,2880.00,96000.00,98880.00,3
280627779523,118,3,2018-05-21,2304.00,96000.00,98304.00,3
280627779523,118,4,2018-06-21,1728.00,96000.00,97728.00,3
280627779523,118,5,2018-07-21,1152.00,96000.00,97152.00,3
280627779523,118,6,2018-08-21,576.00,96000.00,96576.00,3
210754499772,115,2,2018-08-09,154.09,7666.42,7820.51,3
210754499772,115,3,2018-09-09,77.44,7743.07,7820.51,3
301004510964,120,8,2019-03-18,13681.59,149352.77,163034.36,3
301004510964,120,9,2019-04-18,12486.77,150547.59,163034.36,3
301004510964,120,10,2019-05-18,11282.38,151751.98,163034.36,3
301004510964,120,11,2019-06-18,10068.37,152965.99,163034.36,3
301004510964,120,12,2019-07-18,8844.64,154189.72,163034.36,3
301004510964,120,13,2019-08-18,7611.12,155423.24,163034.36,3
301004510964,120,14,2019-09-18,6367.74,156666.62,163034.36,3
301004510964,120,15,2019-10-18,5114.40,157919.96,163034.36,3
301004510964,120,16,2019-11-18,3851.04,159183.32,163034.36,3
301004510964,120,17,2019-12-18,2577.58,160456.78,163034.36,3
301004510964,120,18,2020-01-18,1293.85,161740.51,163034.36,3
070574183958,120,11,2019-06-27,4428.00,0.00,4428.00,3
070574183958,120,12,2019-07-27,4428.00,492000.00,496428.00,3
040912569461,106,4,2018-10-05,6387.50,304166.67,310554.17,3
040912569461,106,5,2018-11-05,4258.33,304166.67,308425.00,3
040912569461,106,6,2018-12-05,2129.17,304166.67,306295.83,3
061078278845,115,4,2018-09-22,54.00,3000.00,3054.00,3
061078278845,115,5,2018-10-22,36.00,3000.00,3036.00,3
061078278845,115,6,2018-11-22,18.00,3000.00,3018.00,3
131786689670,116,9,2018-11-09,3303.76,31577.97,34881.73,3
131786689670,116,10,2018-12-09,2987.98,31893.75,34881.73,3
131786689670,116,11,2019-01-09,2669.04,32212.69,34881.73,3
131786689670,116,12,2019-02-09,2346.91,32534.82,34881.73,3
131786689670,116,13,2019-03-09,2021.56,32860.17,34881.73,3
131786689670,116,14,2019-04-09,1692.96,33188.77,34881.73,3
131786689670,116,15,2019-05-09,1361.07,33520.66,34881.73,3
131786689670,116,16,2019-06-09,1025.87,33855.86,34881.73,3
131786689670,116,17,2019-07-09,687.31,34194.42,34881.73,3
131786689670,116,18,2019-08-09,345.32,34536.41,34881.73,3
071368980926,107,3,2018-08-17,35091.00,3899000.00,3934091.00,3
200930102914,106,3,2018-07-30,40628.29,388333.66,428961.95,3
200930102914,106,4,2018-08-30,36744.96,392216.99,428961.95,3
200930102914,106,5,2018-09-30,32822.79,396139.16,428961.95,3
200930102914,106,6,2018-10-30,28861.39,400100.56,428961.95,3
200930102914,106,7,2018-11-30,24860.39,404101.56,428961.95,3
200930102914,106,8,2018-12-30,20819.37,408142.58,428961.95,3
200930102914,106,9,2019-01-30,16737.95,412224.00,428961.95,3
200930102914,106,10,2019-02-28,12615.71,416346.24,428961.95,3
200930102914,106,11,2019-03-30,8452.25,420509.70,428961.95,3
200930102914,106,12,2019-04-30,4247.12,424714.83,428961.95,3
230251423573,105,3,2018-04-30,576.00,0.00,576.00,3
230251423573,105,4,2018-05-30,576.00,0.00,576.00,3
230251423573,105,5,2018-06-30,576.00,0.00,576.00,3
230251423573,105,6,2018-07-30,576.00,0.00,576.00,3
230251423573,105,7,2018-08-30,576.00,0.00,576.00,3
230251423573,105,8,2018-09-30,576.00,0.00,576.00,3
230251423573,105,9,2018-10-30,576.00,0.00,576.00,3
230251423573,105,10,2018-11-30,576.00,0.00,576.00,3
230251423573,105,11,2018-12-30,576.00,0.00,576.00,3
230251423573,105,12,2019-01-30,576.00,96000.00,96576.00,3
110256797219,120,4,2018-06-25,1239.00,9833.33,11072.33,3
110256797219,120,5,2018-07-25,1180.00,9833.33,11013.33,3
110256797219,120,6,2018-08-25,1121.00,9833.33,10954.33,3
110256797219,120,7,2018-09-25,1062.00,9833.33,10895.33,3
110256797219,120,8,2018-10-25,1003.00,9833.33,10836.33,3
110256797219,120,9,2018-11-25,944.00,9833.33,10777.33,3
110256797219,120,10,2018-12-25,885.00,9833.33,10718.33,3
110256797219,120,11,2019-01-25,826.00,9833.33,10659.33,3
110256797219,120,12,2019-02-25,767.00,9833.33,10600.33,3
110256797219,120,13,2019-03-25,708.00,9833.33,10541.33,3
110256797219,120,14,2019-04-25,649.00,9833.33,10482.33,3
110256797219,120,15,2019-05-25,590.00,9833.33,10423.33,3
110256797219,120,16,2019-06-25,531.00,9833.33,10364.33,3
110256797219,120,17,2019-07-25,472.00,9833.33,10305.33,3
110256797219,120,18,2019-08-25,413.00,9833.33,10246.33,3
110256797219,120,19,2019-09-25,354.00,9833.33,10187.33,3
110256797219,120,20,2019-10-25,295.00,9833.33,10128.33,3
110256797219,120,21,2019-11-25,236.00,9833.33,10069.33,3
110256797219,120,22,2019-12-25,177.00,9833.33,10010.33,3
110256797219,120,23,2020-01-25,118.00,9833.33,9951.33,3
110256797219,120,24,2020-02-25,59.00,9833.33,9892.33,3
270846121210,100,4,2018-09-13,9716.67,64777.78,74494.44,3
270846121210,100,5,2018-10-13,9068.89,64777.78,73846.67,3
270846121210,100,6,2018-11-13,8421.11,64777.78,73198.89,3
270846121210,100,7,2018-12-13,7773.33,64777.78,72551.11,3
270846121210,100,8,2019-01-13,7125.56,64777.78,71903.33,3
270846121210,100,9,2019-02-13,6477.78,64777.78,71255.56,3
270846121210,100,10,2019-03-13,5830.00,64777.78,70607.78,3
270846121210,100,11,2019-04-13,5182.22,64777.78,69960.00,3
270846121210,100,12,2019-05-13,4534.44,64777.78,69312.22,3
270846121210,100,13,2019-06-13,3886.67,64777.78,68664.44,3
270846121210,100,14,2019-07-13,3238.89,64777.78,68016.67,3
270846121210,100,15,2019-08-13,2591.11,64777.78,67368.89,3
270846121210,100,16,2019-09-13,1943.33,64777.78,66721.11,3
270846121210,100,17,2019-10-13,1295.56,64777.78,66073.33,3
270846121210,100,18,2019-11-13,647.78,64777.78,65425.56,3
181127873579,117,3,2018-06-15,132.00,3666.67,3798.67,3
181127873579,117,4,2018-07-15,99.00,3666.67,3765.67,3
181127873579,117,5,2018-08-15,66.00,3666.67,3732.67,3
181127873579,117,6,2018-09-15,33.00,3666.67,3699.67,3
260936243226,106,8,2019-03-01,532.59,5813.96,6346.55,3
260936243226,106,9,2019-04-01,486.08,5860.47,6346.55,3
260936243226,106,10,2019-05-01,439.20,5907.35,6346.55,3
260936243226,106,11,2019-06-01,391.94,5954.61,6346.55,3
260936243226,106,12,2019-07-01,344.30,6002.25,6346.55,3
260936243226,106,13,2019-08-01,296.28,6050.27,6346.55,3
260936243226,106,14,2019-09-01,247.88,6098.67,6346.55,3
260936243226,106,15,2019-10-01,199.09,6147.46,6346.55,3
260936243226,106,16,2019-11-01,149.91,6196.64,6346.55,3
260936243226,106,17,2019-12-01,100.34,6246.21,6346.55,3
260936243226,106,18,2020-01-01,50.47,6296.08,6346.55,3
151198392157,116,6,2018-10-13,35244.44,271111.11,306355.56,3
151198392157,116,7,2018-11-13,32533.33,271111.11,303644.44,3
151198392157,116,8,2018-12-13,29822.22,271111.11,300933.33,3
151198392157,116,9,2019-01-13,27111.11,271111.11,298222.22,3
151198392157,116,10,2019-02-13,24400.00,271111.11,295511.11,3
151198392157,116,11,2019-03-13,21688.89,271111.11,292800.00,3
151198392157,116,12,2019-04-13,18977.78,271111.11,290088.89,3
151198392157,116,13,2019-05-13,16266.67,271111.11,287377.78,3
151198392157,116,14,2019-06-13,13555.56,271111.11,284666.67,3
151198392157,116,15,2019-07-13,10844.44,271111.11,281955.56,3
151198392157,116,16,2019-08-13,8133.33,271111.11,279244.44,3
151198392157,116,17,2019-09-13,5422.22,271111.11,276533.33,3
151198392157,116,18,2019-10-13,2711.11,271111.11,273822.22,3
270573586299,111,6,2019-01-19,31030.00,3103000.00,3134030.00,3
040910490358,100,9,2019-02-14,2326.33,83083.33,85409.67,3
040910490358,100,10,2019-03-14,1744.75,83083.33,84828.08,3
040910490358,100,11,2019-04-14,1163.17,83083.33,84246.50,3
040910490358,100,12,2019-05-14,581.58,83083.33,83664.92,3
071583840928,110,2,2018-06-15,2051.12,145997.63,148048.75,3
071583840928,110,3,2018-07-15,1029.13,147019.62,148048.75,3
270828307813,111,2,2018-08-29,90.40,1973.07,2063.47,3
270828307813,111,3,2018-09-29,72.64,1990.83,2063.47,3
270828307813,111,4,2018-10-29,54.73,2008.74,2063.47,3
270828307813,111,5,2018-11-29,36.65,2026.82,2063.47,3
270828307813,111,6,2018-12-29,18.40,2045.07,2063.47,3
151194311266,118,21,2020-03-27,38.93,1202.00,1240.93,3
151194311266,118,22,2020-04-27,29.31,1211.62,1240.93,3
120697766719,102,4,2018-08-23,342.00,12666.67,13008.67,3
120697766719,102,5,2018-09-23,228.00,12666.67,12894.67,3
120697766719,102,6,2018-10-23,114.00,12666.67,12780.67,3
181106003939,102,2,2018-09-11,5802.00,0.00,5802.00,3
181106003939,102,3,2018-10-11,5802.00,967000.00,972802.00,3
180586070999,105,1,2018-02-15,1197.00,0.00,1197.00,3
180586070999,105,2,2018-03-15,1197.00,0.00,1197.00,3
180586070999,105,3,2018-04-15,1197.00,0.00,1197.00,3
180586070999,105,4,2018-05-15,1197.00,0.00,1197.00,3
180586070999,105,5,2018-06-15,1197.00,0.00,1197.00,3
180586070999,105,6,2018-07-15,1197.00,0.00,1197.00,3
180586070999,105,7,2018-08-15,1197.00,0.00,1197.00,3
180586070999,105,8,2018-09-15,1197.00,0.00,1197.00,3
180586070999,105,9,2018-10-15,1197.00,0.00,1197.00,3
180586070999,105,10,2018-11-15,1197.00,0.00,1197.00,3
180586070999,105,11,2018-12-15,1197.00,0.00,1197.00,3
180586070999,105,12,2019-01-15,1197.00,171000.00,172197.00,3
390173344258,102,5,2018-10-01,360.00,30000.00,30360.00,3
390173344258,102,6,2018-11-01,180.00,30000.00,30180.00,3
251044900066,107,3,2018-05-22,6680.00,835000.00,841680.00,3
240225099498,103,4,2018-10-28,1288.00,53666.67,54954.67,3
240225099498,103,5,2018-11-28,858.67,53666.67,54525.33,3
240225099498,103,6,2018-12-28,429.33,53666.67,54096.00,3
111578876436,118,10,2018-11-12,16.00,666.67,682.67,3
111578876436,118,11,2018-12-12,10.67,666.67,677.33,3
111578876436,118,12,2019-01-12,5.33,666.67,672.00,3
160898175798,111,1,2018-08-06,104.00,0.00,104.00,3
160898175798,111,2,2018-09-06,104.00,0.00,104.00,3
160898175798,111,3,2018-10-06,104.00,0.00,104.00,3
160898175798,111,4,2018-11-06,104.00,0.00,104.00,3
160898175798,111,5,2018-12-06,104.00,0.00,104.00,3
160898175798,111,6,2019-01-06,104.00,13000.00,13104.00,3
071363214457,103,18,2019-12-16,8052.92,115041.67,123094.58,3
071363214457,103,19,2020-01-16,6902.50,115041.67,121944.17,3
071363214457,103,20,2020-02-16,5752.08,115041.67,120793.75,3
071363214457,103,21,2020-03-16,4601.67,115041.67,119643.33,3
071363214457,103,22,2020-04-16,3451.25,115041.67,118492.92,3
181233951630,108,1,2018-03-15,156.00,0.00,156.00,3
181233951630,108,2,2018-04-15,156.00,0.00,156.00,3
181233951630,108,3,2018-05-15,156.00,0.00,156.00,3
181233951630,108,4,2018-06-15,156.00,0.00,156.00,3
181233951630,108,5,2018-07-15,156.00,0.00,156.00,3
181233951630,108,6,2018-08-15,156.00,26000.00,26156.00,3
110233132520,111,3,2018-06-06,2304.45,9416.84,11721.29,3
110233132520,111,4,2018-07-06,2210.28,9511.01,11721.29,3
110233132520,111,5,2018-08-06,2115.17,9606.12,11721.29,3
110233132520,111,6,2018-09-06,2019.11,9702.18,11721.29,3
110233132520,111,7,2018-10-06,1922.09,9799.20,11721.29,3
110233132520,111,8,2018-11-06,1824.10,9897.19,11721.29,3
110233132520,111,9,2018-12-06,1725.13,9996.16,11721.29,3
110233132520,111,10,2019-01-06,1625.16,10096.13,11721.29,3
110233132520,111,11,2019-02-06,1524.20,10197.09,11721.29,3
110233132520,111,12,2019-03-06,1422.23,10299.06,11721.29,3
110233132520,111,13,2019-04-06,1319.24,10402.05,11721.29,3
110233132520,111,14,2019-05-06,1215.22,10506.07,11721.29,3
110233132520,111,15,2019-06-06,1110.16,10611.13,11721.29,3
110233132520,111,16,2019-07-06,1004.05,10717.24,11721.29,3
110233132520,111,17,2019-08-06,896.88,10824.41,11721.29,3
110233132520,111,18,2019-09-06,788.63,10932.66,11721.29,3
110233132520,111,19,2019-10-06,679.30,11041.99,11721.29,3
110233132520,111,20,2019-11-06,568.88,11152.41,11721.29,3
110233132520,111,21,2019-12-06,457.36,11263.93,11721.29,3
110233132520,111,22,2020-01-06,344.72,11376.57,11721.29,3
110233132520,111,23,2020-02-06,230.96,11490.33,11721.29,3
110233132520,111,24,2020-03-06,115.95,11605.34,11721.29,3
