协议编号,借据编号,还款期数,还款日期,实还利息,实还本金,还款金额,还款标志
220139593239,107,1,2018-05-30,18490.00,145791.41,164281.41,1
220139593239,107,2,2018-06-30,17032.09,147249.32,164281.41,1
220139593239,107,3,2018-07-30,15559.59,148721.82,164281.41,1
220139593239,107,4,2018-08-30,14072.37,150209.04,164281.41,1
220139593239,107,5,2018-09-30,12570.28,151711.13,164281.41,1
220139593239,107,6,2018-10-30,11053.17,153228.24,164281.41,1
220139593239,107,7,2018-11-30,9520.89,154760.52,164281.41,1
220139593239,107,8,2018-12-30,7973.29,156308.12,164281.41,1
220139593239,107,9,2019-01-30,6410.20,157871.21,164281.41,1
220139593239,107,10,2019-02-28,4831.49,159449.92,164281.41,1
180785670956,108,1,2018-02-27,1836.00,0.00,1836.00,1
180785670956,108,2,2018-03-27,1836.00,0.00,1836.00,1
180785670956,108,3,2018-04-27,1836.00,0.00,1836.00,1
180785670956,108,4,2018-05-27,1836.00,0.00,1836.00,1
180785670956,108,5,2018-06-27,1836.00,0.00,1836.00,1
180785670956,108,6,2018-07-27,1836.00,0.00,1836.00,1
180785670956,108,7,2018-08-27,1836.00,0.00,1836.00,1
070577007374,106,1,2018-06-03,441.00,7984.84,8425.84,1
070577007374,106,2,2018-07-03,369.14,8056.70,8425.84,1
070577007374,106,3,2018-08-03,296.63,8129.21,8425.84,1
070577007374,106,4,2018-09-03,223.46,8202.38,8425.84,1
070577007374,106,5,2018-10-03,149.64,8276.20,8425.84,1
070577007374,106,6,2018-11-03,75.17,8350.67,8425.84,1
220176258010,103,1,2018-05-28,130.00,481.96,611.96,1
220176258010,103,2,2018-06-28,125.18,486.78,611.96,1
220176258010,103,3,2018-07-28,120.31,491.65,611.96,1
220176258010,103,4,2018-08-28,115.40,496.56,611.96,1
220176258010,103,5,2018-09-28,110.43,501.53,611.96,1
220176258010,103,6,2018-10-28,105.42,506.54,611.96,1
220176258010,103,7,2018-11-28,100.35,511.61,611.96,1
220176258010,103,8,2018-12-28,95.23,516.73,611.96,1
220176258010,103,9,2019-01-28,90.07,521.89,611.96,1
220176258010,103,10,2019-02-28,84.85,527.11,611.96,1
220176258010,103,11,2019-03-28,79.58,532.38,611.96,1
220176258010,103,12,2019-04-28,74.25,537.71,611.96,1
220176258010,103,13,2019-05-28,68.88,543.08,611.96,1
220176258010,103,14,2019-06-28,63.45,548.51,611.96,1
130983431006,106,1,2018-08-09,1617.00,77000.00,78617.00,1
130983431006,106,2,2018-09-09,1078.00,77000.00,78078.00,1
130983431006,106,3,2018-10-09,539.00,77000.00,77539.00,1
040932839370,100,1,2018-02-07,567.00,3239.84,3806.84,1
040932839370,100,2,2018-03-07,537.84,3269.00,3806.84,1
040932839370,100,3,2018-04-07,508.42,3298.42,3806.84,1
040932839370,100,4,2018-05-07,478.73,3328.11,3806.84,1
040932839370,100,5,2018-06-07,448.78,3358.06,3806.84,1
040932839370,100,6,2018-07-07,418.56,3388.28,3806.84,1
040932839370,100,7,2018-08-07,388.06,3418.78,3806.84,1
040932839370,100,8,2018-09-07,357.30,3449.54,3806.84,1
040932839370,100,9,2018-10-07,326.25,3480.59,3806.84,1
040932839370,100,10,2018-11-07,294.92,3511.92,3806.84,1
040932839370,100,11,2018-12-07,263.32,3543.52,3806.84,1
040932839370,100,12,2019-01-07,231.43,3575.41,3806.84,1
040932839370,100,13,2019-02-07,199.25,3607.59,3806.84,1
040932839370,100,14,2019-03-07,166.78,3640.06,3806.84,1
040932839370,100,15,2019-04-07,134.02,3672.82,3806.84,1
040932839370,100,16,2019-05-07,100.96,3705.88,3806.84,1
040932839370,100,17,2019-06-07,67.61,3739.23,3806.84,1
040932839370,100,18,2019-07-07,33.89,3772.95,3806.84,1
240810886171,105,1,2018-05-17,1960.00,15555.48,17515.48,1
240810886171,105,2,2018-06-17,1851.11,15555.56,17406.67,1
240810886171,105,3,2018-07-17,1742.22,15555.56,17297.78,1
240810886171,105,4,2018-08-17,1633.33,15555.56,17188.89,1
060900193239,108,1,2018-04-17,23630.00,186319.69,209949.69,1
060900193239,108,2,2018-05-17,21766.80,188182.89,209949.69,1
060900193239,108,3,2018-06-17,19884.97,190064.72,209949.69,1
060900193239,108,4,2018-07-17,17984.33,191965.36,209949.69,1
060900193239,108,5,2018-08-17,16064.67,193885.02,209949.69,1
060900193239,108,6,2018-09-17,14125.82,195823.87,209949.69,1
060900193239,108,7,2018-10-17,12167.58,197782.11,209949.69,1
060900193239,108,8,2018-11-17,10189.76,199759.93,209949.69,1
060900193239,108,9,2018-12-17,8192.16,201757.53,209949.69,1
271000589102,109,1,2018-06-09,510.00,0.00,510.00,1
271000589102,109,2,2018-07-09,510.00,0.00,510.00,1
271000589102,109,3,2018-08-09,510.00,0.00,510.00,1
290233371456,110,1,2018-06-10,153.00,0.00,153.00,1
290233371456,110,2,2018-07-10,153.00,0.00,153.00,1
290233371456,110,3,2018-08-10,153.00,0.00,153.00,1
290233371456,110,4,2018-09-10,153.00,0.00,153.00,1
290233371456,110,5,2018-10-10,153.00,0.00,153.00,1
290233371456,110,6,2018-11-10,153.00,17000.00,17153.00,1
210758286976,104,1,2018-04-03,10728.00,0.00,10728.00,1
210758286976,104,2,2018-05-03,10728.00,0.00,10728.00,1
210758286976,104,3,2018-06-03,10728.00,1788000.00,1798728.00,1
040314660045,110,1,2018-06-05,2106.00,38131.67,40237.67,1
040314660045,110,2,2018-07-05,1762.81,38474.86,40237.67,1
040314660045,110,3,2018-08-05,1416.54,38821.13,40237.67,1
040314660045,110,4,2018-09-05,1067.15,39170.52,40237.67,1
040314660045,110,5,2018-10-05,714.62,39523.05,40237.67,1
040314660045,110,6,2018-11-05,358.90,39878.77,40237.67,1
251533251213,120,1,2018-03-07,4896.00,0.00,4896.00,1
200417440082,114,1,2018-03-22,29115.00,134791.59,163906.59,1
200417440082,114,2,2018-04-22,27901.88,134791.67,162693.54,1
200417440082,114,3,2018-05-22,26688.75,134791.67,161480.42,1
200417440082,114,4,2018-06-22,25475.62,134791.67,160267.29,1
200417440082,114,5,2018-07-22,24262.50,134791.67,159054.17,1
200417440082,114,6,2018-08-22,23049.37,134791.67,157841.04,1
180922887334,112,1,2018-07-13,204.00,11333.34,11537.34,1
180922887334,112,2,2018-08-13,136.00,11333.33,11469.33,1
180922887334,112,3,2018-09-13,68.00,11333.33,11401.33,1
110206431171,107,1,2018-02-21,654.00,4236.10,4890.10,1
110206431171,107,2,2018-03-21,628.58,4261.52,4890.10,1
110206431171,107,3,2018-04-21,603.01,4287.09,4890.10,1
080813930886,108,1,2018-05-09,294.00,0.00,294.00,1
080813930886,108,2,2018-06-09,294.00,0.00,294.00,1
080813930886,108,3,2018-07-09,294.00,0.00,294.00,1
080813930886,108,4,2018-08-09,294.00,0.00,294.00,1
080813930886,108,5,2018-09-09,294.00,0.00,294.00,1
080813930886,108,6,2018-10-09,294.00,0.00,294.00,1
080813930886,108,7,2018-11-09,294.00,0.00,294.00,1
111504961725,120,1,2018-02-02,276.00,1787.71,2063.71,1
111504961725,120,2,2018-03-02,265.27,1798.44,2063.71,1
111504961725,120,3,2018-04-02,254.48,1809.23,2063.71,1
111504961725,120,4,2018-05-02,243.63,1820.08,2063.71,1
111504961725,120,5,2018-06-02,232.71,1831.00,2063.71,1
111504961725,120,6,2018-07-02,221.72,1841.99,2063.71,1
111504961725,120,7,2018-08-02,210.67,1853.04,2063.71,1
111504961725,120,8,2018-09-02,199.55,1864.16,2063.71,1
111504961725,120,9,2018-10-02,188.37,1875.34,2063.71,1
111504961725,120,10,2018-11-02,177.11,1886.60,2063.71,1
111504961725,120,11,2018-12-02,165.79,1897.92,2063.71,1
111504961725,120,12,2019-01-02,154.41,1909.30,2063.71,1
111504961725,120,13,2019-02-02,142.95,1920.76,2063.71,1
111504961725,120,14,2019-03-02,131.43,1932.28,2063.71,1
111504961725,120,15,2019-04-02,119.83,1943.88,2063.71,1
111504961725,120,16,2019-05-02,108.17,1955.54,2063.71,1
111504961725,120,17,2019-06-02,96.44,1967.27,2063.71,1
111504961725,120,18,2019-07-02,84.63,1979.08,2063.71,1
111504961725,120,19,2019-08-02,72.76,1990.95,2063.71,1
111504961725,120,20,2019-09-02,60.81,2002.90,2063.71,1
111504961725,120,21,2019-10-02,48.79,2014.92,2063.71,1
111504961725,120,22,2019-11-02,36.71,2027.00,2063.71,1
111504961725,120,23,2019-12-02,24.54,2039.17,2063.71,1
111504961725,120,24,2020-01-02,12.27,2051.44,2063.71,1
410043330694,109,1,2018-05-25,4644.00,40848.53,45492.53,1
410043330694,109,2,2018-06-25,4398.91,41093.62,45492.53,1
410043330694,109,3,2018-07-25,4152.35,41340.18,45492.53,1
410043330694,109,4,2018-08-25,3904.31,41588.22,45492.53,1
410043330694,109,5,2018-09-25,3654.78,41837.75,45492.53,1
410043330694,109,6,2018-10-25,3403.75,42088.78,45492.53,1
261087765958,119,1,2018-05-13,15288.00,152363.95,167651.95,1
261087765958,119,2,2018-06-13,14069.09,153582.86,167651.95,1
180937418435,114,1,2018-03-16,2072.00,0.00,2072.00,1
180937418435,114,2,2018-04-16,2072.00,0.00,2072.00,1
180937418435,114,3,2018-05-16,2072.00,259000.00,261072.00,1
131770998358,100,1,2018-02-03,24402.00,1347565.11,1371967.11,1
060972698633,108,1,2018-05-07,114.00,1055.48,1169.48,1
271479596712,120,1,2018-06-06,1407.00,33500.00,34907.00,1
271479596712,120,2,2018-07-06,1172.50,33500.00,34672.50,1
271479596712,120,3,2018-08-06,938.00,33500.00,34438.00,1
271479596712,120,4,2018-09-06,703.50,33500.00,34203.50,1
271479596712,120,5,2018-10-06,469.00,33500.00,33969.00,1
271479596712,120,6,2018-11-06,234.50,33500.00,33734.50,1
250836155270,103,1,2018-07-09,7344.00,73192.10,80536.10,1
250836155270,103,2,2018-08-09,6758.46,73777.64,80536.10,1
250836155270,103,3,2018-09-09,6168.24,74367.86,80536.10,1
250836155270,103,4,2018-10-09,5573.30,74962.80,80536.10,1
250836155270,103,5,2018-11-09,4973.60,75562.50,80536.10,1
151173971176,103,1,2018-02-15,4104.00,38000.00,42104.00,1
161026779603,106,1,2018-02-15,6440.00,38333.41,44773.41,1
161026779603,106,2,2018-03-15,6171.67,38333.33,44505.00,1
161026779603,106,3,2018-04-15,5903.33,38333.33,44236.67,1
161026779603,106,4,2018-05-15,5635.00,38333.33,43968.33,1
161026779603,106,5,2018-06-15,5366.67,38333.33,43700.00,1
161026779603,106,6,2018-07-15,5098.33,38333.33,43431.67,1
161026779603,106,7,2018-08-15,4830.00,38333.33,43163.33,1
161026779603,106,8,2018-09-15,4561.67,38333.33,42895.00,1
161026779603,106,9,2018-10-15,4293.33,38333.33,42626.67,1
161026779603,106,10,2018-11-15,4025.00,38333.33,42358.33,1
070866907361,101,1,2018-06-01,2640.00,23221.39,25861.39,1
070866907361,101,2,2018-07-01,2500.67,23360.72,25861.39,1
070866907361,101,3,2018-08-01,2360.51,23500.88,25861.39,1
060937642747,107,1,2018-07-03,310.00,1722.26,2032.26,1
060937642747,107,2,2018-08-03,292.78,1722.22,2015.00,1
060937642747,107,3,2018-09-03,275.56,1722.22,1997.78,1
271467053373,113,1,2018-06-22,6888.00,328000.00,334888.00,1
271467053373,113,2,2018-07-22,4592.00,328000.00,332592.00,1
271467053373,113,3,2018-08-22,2296.00,328000.00,330296.00,1
150216277816,109,1,2018-02-01,1269.00,11179.66,12448.66,1
070645470647,120,1,2018-02-28,17037.00,625354.92,642391.92,1
070645470647,120,2,2018-03-28,11408.81,630983.11,642391.92,1
070645470647,120,3,2018-04-28,5729.95,636661.97,642391.92,1
070572898435,108,1,2018-02-13,2886.00,20041.59,22927.59,1
070572898435,108,2,2018-03-13,2765.75,20041.67,22807.42,1
070572898435,108,3,2018-04-13,2645.50,20041.67,22687.17,1
070572898435,108,4,2018-05-13,2525.25,20041.67,22566.92,1
070572898435,108,5,2018-06-13,2405.00,20041.67,22446.67,1
070572898435,108,6,2018-07-13,2284.75,20041.67,22326.42,1
070572898435,108,7,2018-08-13,2164.50,20041.67,22206.17,1
070572898435,108,8,2018-09-13,2044.25,20041.67,22085.92,1
070572898435,108,9,2018-10-13,1924.00,20041.67,21965.67,1
070572898435,108,10,2018-11-13,1803.75,20041.67,21845.42,1
070572898435,108,11,2018-12-13,1683.50,20041.67,21725.17,1
070572898435,108,12,2019-01-13,1563.25,20041.67,21604.92,1
070572898435,108,13,2019-02-13,1443.00,20041.67,21484.67,1
070572898435,108,14,2019-03-13,1322.75,20041.67,21364.42,1
260288489965,113,1,2018-06-25,24849.00,230083.37,254932.37,1
260288489965,113,2,2018-07-25,22778.25,230083.33,252861.58,1
260288489965,113,3,2018-08-25,20707.50,230083.33,250790.83,1
260288489965,113,4,2018-09-25,18636.75,230083.33,248720.08,1
260288489965,113,5,2018-10-25,16566.00,230083.33,246649.33,1
260288489965,113,6,2018-11-25,14495.25,230083.33,244578.58,1
260288489965,113,7,2018-12-25,12424.50,230083.33,242507.83,1
260288489965,113,8,2019-01-25,10353.75,230083.33,240437.08,1
260288489965,113,9,2019-02-25,8283.00,230083.33,238366.33,1
260288489965,113,10,2019-03-25,6212.25,230083.33,236295.58,1
260288489965,113,11,2019-04-25,4141.50,230083.33,234224.83,1
181270894595,102,1,2018-03-12,5971.00,68387.98,74358.98,1
181270894595,102,2,2018-04-12,5492.28,68866.70,74358.98,1
181270894595,102,3,2018-05-12,5010.22,69348.76,74358.98,1
181270894595,102,4,2018-06-12,4524.78,69834.20,74358.98,1
181270894595,102,5,2018-07-12,4035.94,70323.04,74358.98,1
181270894595,102,6,2018-08-12,3543.68,70815.30,74358.98,1
181270894595,102,7,2018-09-12,3047.97,71311.01,74358.98,1
181270894595,102,8,2018-10-12,2548.79,71810.19,74358.98,1
160636118060,120,1,2018-03-16,1820.00,0.00,1820.00,1
160636118060,120,2,2018-04-16,1820.00,0.00,1820.00,1
160636118060,120,3,2018-05-16,1820.00,0.00,1820.00,1
160636118060,120,4,2018-06-16,1820.00,0.00,1820.00,1
160636118060,120,5,2018-07-16,1820.00,0.00,1820.00,1
160636118060,120,6,2018-08-16,1820.00,0.00,1820.00,1
160636118060,120,7,2018-09-16,1820.00,0.00,1820.00,1
111070424892,101,1,2018-06-25,990.00,0.00,990.00,1
111070424892,101,2,2018-07-25,990.00,0.00,990.00,1
111070424892,101,3,2018-08-25,990.00,0.00,990.00,1
111070424892,101,4,2018-09-25,990.00,0.00,990.00,1
111070424892,101,5,2018-10-25,990.00,0.00,990.00,1
111070424892,101,6,2018-11-25,990.00,0.00,990.00,1
111070424892,101,7,2018-12-25,990.00,0.00,990.00,1
111070424892,101,8,2019-01-25,990.00,0.00,990.00,1
111070424892,101,9,2019-02-25,990.00,0.00,990.00,1
111070424892,101,10,2019-03-25,990.00,0.00,990.00,1
111070424892,101,11,2019-04-25,990.00,0.00,990.00,1
111070424892,101,12,2019-05-25,990.00,0.00,990.00,1
111070424892,101,13,2019-06-25,990.00,0.00,990.00,1
190877888219,114,1,2018-06-01,6568.00,42587.79,49155.79,1
190877888219,114,2,2018-07-01,6227.30,42928.49,49155.79,1
190877888219,114,3,2018-08-01,5883.87,43271.92,49155.79,1
190877888219,114,4,2018-09-01,5537.69,43618.10,49155.79,1
190877888219,114,5,2018-10-01,5188.75,43967.04,49155.79,1
190877888219,114,6,2018-11-01,4837.01,44318.78,49155.79,1
300253070097,114,1,2018-08-21,2330.00,19416.63,21746.63,1
300253070097,114,2,2018-09-21,2135.83,19416.67,21552.50,1
300253070097,114,3,2018-10-21,1941.67,19416.67,21358.33,1
300253070097,114,4,2018-11-21,1747.50,19416.67,21164.17,1
300253070097,114,5,2018-12-21,1553.33,19416.67,20970.00,1
110725254819,107,1,2018-05-12,1631.00,38159.28,39790.28,1
110725254819,107,2,2018-06-12,1363.89,38426.39,39790.28,1
110725254819,107,3,2018-07-12,1094.90,38695.38,39790.28,1
110725254819,107,4,2018-08-12,824.03,38966.25,39790.28,1
110725254819,107,5,2018-09-12,551.27,39239.01,39790.28,1
110725254819,107,6,2018-10-12,276.59,39513.69,39790.28,1
181254466440,105,1,2018-08-28,7281.00,44944.52,52225.52,1
240502510431,106,1,2018-04-29,5350.00,44583.37,49933.37,1
240502510431,106,2,2018-05-29,4904.17,44583.33,49487.50,1
240502510431,106,3,2018-06-29,4458.33,44583.33,49041.67,1
260956222389,114,1,2018-04-30,98.00,1122.43,1220.43,1
260956222389,114,2,2018-05-30,90.14,1130.29,1220.43,1
260956222389,114,3,2018-06-30,82.23,1138.20,1220.43,1
260956222389,114,4,2018-07-30,74.26,1146.17,1220.43,1
260956222389,114,5,2018-08-30,66.24,1154.19,1220.43,1
260956222389,114,6,2018-09-30,58.16,1162.27,1220.43,1
260956222389,114,7,2018-10-30,50.03,1170.40,1220.43,1
260956222389,114,8,2018-11-30,41.83,1178.60,1220.43,1
260956222389,114,9,2018-12-30,33.58,1186.85,1220.43,1
260956222389,114,10,2019-01-30,25.27,1195.16,1220.43,1
260956222389,114,11,2019-02-28,16.91,1203.52,1220.43,1
260956222389,114,12,2019-03-30,8.51,1211.92,1220.43,1
060611467848,112,1,2018-04-08,1764.00,12250.00,14014.00,1
060611467848,112,2,2018-05-08,1690.50,12250.00,13940.50,1
060611467848,112,3,2018-06-08,1617.00,12250.00,13867.00,1
060611467848,112,4,2018-07-08,1543.50,12250.00,13793.50,1
060611467848,112,5,2018-08-08,1470.00,12250.00,13720.00,1
060611467848,112,6,2018-09-08,1396.50,12250.00,13646.50,1
060611467848,112,7,2018-10-08,1323.00,12250.00,13573.00,1
060611467848,112,8,2018-11-08,1249.50,12250.00,13499.50,1
060611467848,112,9,2018-12-08,1176.00,12250.00,13426.00,1
060611467848,112,10,2019-01-08,1102.50,12250.00,13352.50,1
060611467848,112,11,2019-02-08,1029.00,12250.00,13279.00,1
171306707836,104,1,2018-02-11,1284.00,17833.37,19117.37,1
200428477090,120,1,2018-04-30,11538.00,101488.03,113026.03,1
200428477090,120,2,2018-05-31,10929.07,102096.96,113026.03,1
200428477090,120,3,2018-06-30,10316.49,102709.54,113026.03,1
200428477090,120,4,2018-07-31,9700.23,103325.80,113026.03,1
200428477090,120,5,2018-08-31,9080.28,103945.75,113026.03,1
200428477090,120,6,2018-09-30,8456.60,104569.43,113026.03,1
200428477090,120,7,2018-10-31,7829.19,105196.84,113026.03,1
071362664367,113,1,2018-07-30,5586.00,36181.73,41767.73,1
071362664367,113,2,2018-08-30,5368.91,36398.82,41767.73,1
071362664367,113,3,2018-09-30,5150.52,36617.21,41767.73,1
071362664367,113,4,2018-10-30,4930.81,36836.92,41767.73,1
071362664367,113,5,2018-11-30,4709.79,37057.94,41767.73,1
071362664367,113,6,2018-12-30,4487.44,37280.29,41767.73,1
071362664367,113,7,2019-01-30,4263.76,37503.97,41767.73,1
071362664367,113,8,2019-02-28,4038.74,37728.99,41767.73,1
261059175351,106,1,2018-02-18,60.00,1980.13,2040.13,1
261059175351,106,2,2018-03-18,40.20,1999.93,2040.13,1
261059175351,106,3,2018-04-18,20.19,2019.94,2040.13,1
410034795122,101,1,2018-05-20,2820.00,19583.41,22403.41,1
410034795122,101,2,2018-06-20,2702.50,19583.33,22285.83,1
410034795122,101,3,2018-07-20,2585.00,19583.33,22168.33,1
410034795122,101,4,2018-08-20,2467.50,19583.33,22050.83,1
410034795122,101,5,2018-09-20,2350.00,19583.33,21933.33,1
181116476063,120,1,2018-04-12,340.00,5666.65,6006.65,1
181116476063,120,2,2018-05-12,283.33,5666.67,5950.00,1
181116476063,120,3,2018-06-12,226.67,5666.67,5893.33,1
181116476063,120,4,2018-07-12,170.00,5666.67,5836.67,1
181116476063,120,5,2018-08-12,113.33,5666.67,5780.00,1
181116476063,120,6,2018-09-12,56.67,5666.67,5723.33,1
070594711095,106,1,2018-05-10,2660.00,44333.35,46993.35,1
070594711095,106,2,2018-06-10,2216.67,44333.33,46550.00,1
070594711095,106,3,2018-07-10,1773.33,44333.33,46106.67,1
070594711095,106,4,2018-08-10,1330.00,44333.33,45663.33,1
070594711095,106,5,2018-09-10,886.67,44333.33,45220.00,1
180490906247,106,1,2018-06-03,280.00,5717.75,5997.75,1
261039944410,113,1,2018-07-10,7086.00,45897.56,52983.56,1
261039944410,113,2,2018-08-10,6810.61,46172.95,52983.56,1
261039944410,113,3,2018-09-10,6533.58,46449.98,52983.56,1
261039944410,113,4,2018-10-10,6254.88,46728.68,52983.56,1
261039944410,113,5,2018-11-10,5974.50,47009.06,52983.56,1
261039944410,113,6,2018-12-10,5692.45,47291.11,52983.56,1
261039944410,113,7,2019-01-10,5408.70,47574.86,52983.56,1
261039944410,113,8,2019-02-10,5123.25,47860.31,52983.56,1
261039944410,113,9,2019-03-10,4836.09,48147.47,52983.56,1
261039944410,113,10,2019-04-10,4547.21,48436.35,52983.56,1
261039944410,113,11,2019-05-10,4256.59,48726.97,52983.56,1
250868772473,101,1,2018-08-05,4368.00,0.00,4368.00,1
250868772473,101,2,2018-09-05,4368.00,0.00,4368.00,1
250868772473,101,3,2018-10-05,4368.00,0.00,4368.00,1
250868772473,101,4,2018-11-05,4368.00,0.00,4368.00,1
250868772473,101,5,2018-12-05,4368.00,0.00,4368.00,1
300685254388,120,1,2018-04-02,170.00,0.00,170.00,1
300685254388,120,2,2018-05-02,170.00,0.00,170.00,1
300685254388,120,3,2018-06-02,170.00,0.00,170.00,1
140661354524,101,1,2018-07-17,1176.00,0.00,1176.00,1
140661354524,101,2,2018-08-17,1176.00,0.00,1176.00,1
140661354524,101,3,2018-09-17,1176.00,0.00,1176.00,1
140661354524,101,4,2018-10-17,1176.00,0.00,1176.00,1
140661354524,101,5,2018-11-17,1176.00,0.00,1176.00,1
140661354524,101,6,2018-12-17,1176.00,0.00,1176.00,1
140661354524,101,7,2019-01-17,1176.00,0.00,1176.00,1
140661354524,101,8,2019-02-17,1176.00,0.00,1176.00,1
140661354524,101,9,2019-03-17,1176.00,0.00,1176.00,1
140661354524,101,10,2019-04-17,1176.00,0.00,1176.00,1
140661354524,101,11,2019-05-17,1176.00,0.00,1176.00,1
140661354524,101,12,2019-06-17,1176.00,147000.00,148176.00,1
120629593130,120,1,2018-05-17,17766.00,132795.77,150561.77,1
120629593130,120,2,2018-06-17,16836.43,133725.34,150561.77,1
120629593130,120,3,2018-07-17,15900.35,134661.42,150561.77,1
120629593130,120,4,2018-08-17,14957.72,135604.05,150561.77,1
120629593130,120,5,2018-09-17,14008.49,136553.28,150561.77,1
120629593130,120,6,2018-10-17,13052.62,137509.15,150561.77,1
120629593130,120,7,2018-11-17,12090.06,138471.71,150561.77,1
120629593130,120,8,2018-12-17,11120.75,139441.02,150561.77,1
120629593130,120,9,2019-01-17,10144.67,140417.10,150561.77,1
120629593130,120,10,2019-02-17,9161.75,141400.02,150561.77,1
120629593130,120,11,2019-03-17,8171.95,142389.82,150561.77,1
120629593130,120,12,2019-04-17,7175.22,143386.55,150561.77,1
120629593130,120,13,2019-05-17,6171.51,144390.26,150561.77,1
120629593130,120,14,2019-06-17,5160.78,145400.99,150561.77,1
120629593130,120,15,2019-07-17,4142.97,146418.80,150561.77,1
120629593130,120,16,2019-08-17,3118.04,147443.73,150561.77,1
120629593130,120,17,2019-09-17,2085.94,148475.83,150561.77,1
120629593130,120,18,2019-10-17,1046.61,149515.16,150561.77,1
230230155932,103,1,2018-07-21,54.00,500.00,554.00,1
121002999906,115,1,2018-08-03,27981.00,0.00,27981.00,1
121002999906,115,2,2018-09-03,27981.00,0.00,27981.00,1
121002999906,115,3,2018-10-03,27981.00,0.00,27981.00,1
121002999906,115,4,2018-11-03,27981.00,0.00,27981.00,1
121002999906,115,5,2018-12-03,27981.00,0.00,27981.00,1
121002999906,115,6,2019-01-03,27981.00,0.00,27981.00,1
290423168637,110,1,2018-08-15,5448.00,37833.41,43281.41,1
290423168637,110,2,2018-09-15,5221.00,37833.33,43054.33,1
290423168637,110,3,2018-10-15,4994.00,37833.33,42827.33,1
290423168637,110,4,2018-11-15,4767.00,37833.33,42600.33,1
290423168637,110,5,2018-12-15,4540.00,37833.33,42373.33,1
290423168637,110,6,2019-01-15,4313.00,37833.33,42146.33,1
290423168637,110,7,2019-02-15,4086.00,37833.33,41919.33,1
290423168637,110,8,2019-03-15,3859.00,37833.33,41692.33,1
290423168637,110,9,2019-04-15,3632.00,37833.33,41465.33,1
290423168637,110,10,2019-05-15,3405.00,37833.33,41238.33,1
290423168637,110,11,2019-06-15,3178.00,37833.33,41011.33,1
290423168637,110,12,2019-07-15,2951.00,37833.33,40784.33,1
290423168637,110,13,2019-08-15,2724.00,37833.33,40557.33,1
290423168637,110,14,2019-09-15,2497.00,37833.33,40330.33,1
290423168637,110,15,2019-10-15,2270.00,37833.33,40103.33,1
290423168637,110,16,2019-11-15,2043.00,37833.33,39876.33,1
290423168637,110,17,2019-12-15,1816.00,37833.33,39649.33,1
290423168637,110,18,2020-01-15,1589.00,37833.33,39422.33,1
290423168637,110,19,2020-02-15,1362.00,37833.33,39195.33,1
290423168637,110,20,2020-03-15,1135.00,37833.33,38968.33,1
300579790040,102,1,2018-05-02,132.00,0.00,132.00,1
300579790040,102,2,2018-06-02,132.00,0.00,132.00,1
300579790040,102,3,2018-07-02,132.00,0.00,132.00,1
300579790040,102,4,2018-08-02,132.00,0.00,132.00,1
300579790040,102,5,2018-09-02,132.00,0.00,132.00,1
300579790040,102,6,2018-10-02,132.00,0.00,132.00,1
150954547173,100,1,2018-06-28,2023.00,0.00,2023.00,1
150954547173,100,2,2018-07-28,2023.00,0.00,2023.00,1
150954547173,100,3,2018-08-28,2023.00,289000.00,291023.00,1
260980358574,113,1,2018-05-17,5016.00,0.00,5016.00,1
260980358574,113,2,2018-06-17,5016.00,0.00,5016.00,1
260980358574,113,3,2018-07-17,5016.00,0.00,5016.00,1
260980358574,113,4,2018-08-17,5016.00,0.00,5016.00,1
260980358574,113,5,2018-09-17,5016.00,0.00,5016.00,1
260980358574,113,6,2018-10-17,5016.00,0.00,5016.00,1
260980358574,113,7,2018-11-17,5016.00,0.00,5016.00,1
260980358574,113,8,2018-12-17,5016.00,0.00,5016.00,1
260980358574,113,9,2019-01-17,5016.00,0.00,5016.00,1
260980358574,113,10,2019-02-17,5016.00,0.00,5016.00,1
260980358574,113,11,2019-03-17,5016.00,0.00,5016.00,1
260980358574,113,12,2019-04-17,5016.00,0.00,5016.00,1
260980358574,113,13,2019-05-17,5016.00,0.00,5016.00,1
260980358574,113,14,2019-06-17,5016.00,0.00,5016.00,1
260980358574,113,15,2019-07-17,5016.00,0.00,5016.00,1
260980358574,113,16,2019-08-17,5016.00,0.00,5016.00,1
260980358574,113,17,2019-09-17,5016.00,0.00,5016.00,1
260980358574,113,18,2019-10-17,5016.00,0.00,5016.00,1
260980358574,113,19,2019-11-17,5016.00,0.00,5016.00,1
260980358574,113,20,2019-12-17,5016.00,0.00,5016.00,1
260980358574,113,21,2020-01-17,5016.00,0.00,5016.00,1
400048788331,106,1,2018-04-03,130.00,0.00,130.00,1
400048788331,106,2,2018-05-03,130.00,0.00,130.00,1
400048788331,106,3,2018-06-03,130.00,0.00,130.00,1
400048788331,106,4,2018-07-03,130.00,0.00,130.00,1
400048788331,106,5,2018-08-03,130.00,0.00,130.00,1
400048788331,106,6,2018-09-03,130.00,0.00,130.00,1
400048788331,106,7,2018-10-03,130.00,0.00,130.00,1
400048788331,106,8,2018-11-03,130.00,0.00,130.00,1
400048788331,106,9,2018-12-03,130.00,0.00,130.00,1
400048788331,106,10,2019-01-03,130.00,0.00,130.00,1
400048788331,106,11,2019-02-03,130.00,0.00,130.00,1
400048788331,106,12,2019-03-03,130.00,13000.00,13130.00,1
061066953411,107,1,2018-02-22,300.00,2638.79,2938.79,1
061066953411,107,2,2018-03-22,284.17,2654.62,2938.79,1
061066953411,107,3,2018-04-22,268.24,2670.55,2938.79,1
061066953411,107,4,2018-05-22,252.22,2686.57,2938.79,1
061066953411,107,5,2018-06-22,236.10,2702.69,2938.79,1
061066953411,107,6,2018-07-22,219.88,2718.91,2938.79,1
061066953411,107,7,2018-08-22,203.57,2735.22,2938.79,1
061066953411,107,8,2018-09-22,187.16,2751.63,2938.79,1
061066953411,107,9,2018-10-22,170.65,2768.14,2938.79,1
061066953411,107,10,2018-11-22,154.04,2784.75,2938.79,1
061066953411,107,11,2018-12-22,137.33,2801.46,2938.79,1
061066953411,107,12,2019-01-22,120.52,2818.27,2938.79,1
061066953411,107,13,2019-02-22,103.61,2835.18,2938.79,1
150918158644,101,1,2018-08-12,441.00,3500.00,3941.00,1
150918158644,101,2,2018-09-12,416.50,3500.00,3916.50,1
110228246915,101,1,2018-08-14,1460.00,12166.63,13626.63,1
110228246915,101,2,2018-09-14,1338.33,12166.67,13505.00,1
110228246915,101,3,2018-10-14,1216.67,12166.67,13383.33,1
110228246915,101,4,2018-11-14,1095.00,12166.67,13261.67,1
160462206448,107,1,2018-07-06,12080.00,120392.24,132472.24,1
160462206448,107,2,2018-08-06,11116.86,121355.38,132472.24,1
160462206448,107,3,2018-09-06,10146.02,122326.22,132472.24,1
160462206448,107,4,2018-10-06,9167.41,123304.83,132472.24,1
160462206448,107,5,2018-11-06,8180.97,124291.27,132472.24,1
160462206448,107,6,2018-12-06,7186.64,125285.60,132472.24,1
160462206448,107,7,2019-01-06,6184.36,126287.88,132472.24,1
160462206448,107,8,2019-02-06,5174.05,127298.19,132472.24,1
160462206448,107,9,2019-03-06,4155.67,128316.57,132472.24,1
160462206448,107,10,2019-04-06,3129.13,129343.11,132472.24,1
160462206448,107,11,2019-05-06,2094.39,130377.85,132472.24,1
160462206448,107,12,2019-06-06,1051.38,131420.86,132472.24,1
071359662921,103,1,2018-03-07,7596.00,0.00,7596.00,1
071359662921,103,2,2018-04-07,7596.00,0.00,7596.00,1
071359662921,103,3,2018-05-07,7596.00,0.00,7596.00,1
200327215841,102,1,2018-03-25,450.00,16517.56,16967.56,1
200327215841,102,2,2018-04-25,301.34,16666.22,16967.56,1
200327215841,102,3,2018-05-25,151.34,16816.22,16967.56,1
071533305921,119,1,2018-08-01,7272.00,63964.37,71236.37,1
071533305921,119,2,2018-09-01,6888.21,64348.16,71236.37,1
071533305921,119,3,2018-10-01,6502.12,64734.25,71236.37,1
040983190133,102,1,2018-02-05,5908.00,35166.59,41074.59,1
040983190133,102,2,2018-03-05,5661.83,35166.67,40828.50,1
040983190133,102,3,2018-04-05,5415.67,35166.67,40582.33,1
040983190133,102,4,2018-05-05,5169.50,35166.67,40336.17,1
040983190133,102,5,2018-06-05,4923.33,35166.67,40090.00,1
210750537327,107,1,2018-07-05,693.00,8250.00,8943.00,1
210750537327,107,2,2018-08-05,635.25,8250.00,8885.25,1
210750537327,107,3,2018-09-05,577.50,8250.00,8827.50,1
210750537327,107,4,2018-10-05,519.75,8250.00,8769.75,1
210750537327,107,5,2018-11-05,462.00,8250.00,8712.00,1
210767813965,105,1,2018-04-15,405.00,3567.98,3972.98,1
210767813965,105,2,2018-05-15,372.89,3600.09,3972.98,1
210767813965,105,3,2018-06-15,340.49,3632.49,3972.98,1
210767813965,105,4,2018-07-15,307.79,3665.19,3972.98,1
210767813965,105,5,2018-08-15,274.81,3698.17,3972.98,1
210767813965,105,6,2018-09-15,241.52,3731.46,3972.98,1
210767813965,105,7,2018-10-15,207.94,3765.04,3972.98,1
210767813965,105,8,2018-11-15,174.06,3798.92,3972.98,1
210767813965,105,9,2018-12-15,139.87,3833.11,3972.98,1
210767813965,105,10,2019-01-15,105.37,3867.61,3972.98,1
210767813965,105,11,2019-02-15,70.56,3902.42,3972.98,1
210767813965,105,12,2019-03-15,35.46,3937.52,3972.98,1
171363045512,113,1,2018-03-01,8850.00,61458.41,70308.41,1
171363045512,113,2,2018-04-01,8481.25,61458.33,69939.58,1
171363045512,113,3,2018-05-01,8112.50,61458.33,69570.83,1
171363045512,113,4,2018-06-01,7743.75,61458.33,69202.08,1
171363045512,113,5,2018-07-01,7375.00,61458.33,68833.33,1
171363045512,113,6,2018-08-01,7006.25,61458.33,68464.58,1
171363045512,113,7,2018-09-01,6637.50,61458.33,68095.83,1
171363045512,113,8,2018-10-01,6268.75,61458.33,67727.08,1
171363045512,113,9,2018-11-01,5900.00,61458.33,67358.33,1
270350115024,108,1,2018-08-15,6370.00,32475.56,38845.56,1
270350115024,108,2,2018-09-15,6045.24,32800.32,38845.56,1
270350115024,108,3,2018-10-15,5717.24,33128.32,38845.56,1
270350115024,108,4,2018-11-15,5385.96,33459.60,38845.56,1
270350115024,108,5,2018-12-15,5051.36,33794.20,38845.56,1
270350115024,108,6,2019-01-15,4713.42,34132.14,38845.56,1
270350115024,108,7,2019-02-15,4372.10,34473.46,38845.56,1
270350115024,108,8,2019-03-15,4027.36,34818.20,38845.56,1
270350115024,108,9,2019-04-15,3679.18,35166.38,38845.56,1
270350115024,108,10,2019-05-15,3327.52,35518.04,38845.56,1
270350115024,108,11,2019-06-15,2972.34,35873.22,38845.56,1
270350115024,108,12,2019-07-15,2613.61,36231.95,38845.56,1
270350115024,108,13,2019-08-15,2251.29,36594.27,38845.56,1
270350115024,108,14,2019-09-15,1885.34,36960.22,38845.56,1
270350115024,108,15,2019-10-15,1515.74,37329.82,38845.56,1
270350115024,108,16,2019-11-15,1142.44,37703.12,38845.56,1
270350115024,108,17,2019-12-15,765.41,38080.15,38845.56,1
270350115024,108,18,2020-01-15,384.53,38461.03,38845.56,1
210759595096,115,1,2018-03-13,2064.00,20570.33,22634.33,1
210759595096,115,2,2018-04-13,1899.44,20734.89,22634.33,1
210759595096,115,3,2018-05-13,1733.56,20900.77,22634.33,1
210759595096,115,4,2018-06-13,1566.35,21067.98,22634.33,1
160296060869,100,1,2018-08-25,66.00,427.50,493.50,1
160296060869,100,2,2018-09-25,63.44,430.06,493.50,1
160296060869,100,3,2018-10-25,60.85,432.65,493.50,1
160296060869,100,4,2018-11-25,58.26,435.24,493.50,1
071303490243,120,1,2018-03-25,904.00,4708.41,5612.41,1
071303490243,120,2,2018-04-25,866.33,4708.33,5574.67,1
071303490243,120,3,2018-05-25,828.67,4708.33,5537.00,1
071303490243,120,4,2018-06-25,791.00,4708.33,5499.33,1
071303490243,120,5,2018-07-25,753.33,4708.33,5461.67,1
071303490243,120,6,2018-08-25,715.67,4708.33,5424.00,1
071365044605,120,1,2018-07-18,930.00,51357.90,52287.90,1
071365044605,120,2,2018-08-18,621.85,51666.05,52287.90,1
110200744988,105,1,2018-08-17,306.00,5540.50,5846.50,1
110200744988,105,2,2018-09-17,256.14,5590.36,5846.50,1
110200744988,105,3,2018-10-17,205.82,5640.68,5846.50,1
121059317003,105,1,2018-08-04,296.00,2950.01,3246.01,1
121059317003,105,2,2018-09-04,272.40,2973.61,3246.01,1
121059317003,105,3,2018-10-04,248.61,2997.40,3246.01,1
050775897873,105,1,2018-02-25,32.00,1333.34,1365.34,1
260298268889,115,1,2018-06-23,4697.00,0.00,4697.00,1
260298268889,115,2,2018-07-23,4697.00,0.00,4697.00,1
110242156818,103,1,2018-04-01,9294.00,516333.34,525627.34,1
110242156818,103,2,2018-05-01,6196.00,516333.33,522529.33,1
110242156818,103,3,2018-06-01,3098.00,516333.33,519431.33,1
390191062356,120,1,2018-06-29,312.00,12896.55,13208.55,1
390191062356,120,2,2018-07-29,208.83,12999.72,13208.55,1
390191062356,120,3,2018-08-29,104.82,13103.73,13208.55,1
280627779523,118,1,2018-03-21,3456.00,96000.00,99456.00,1
071360973845,100,1,2018-05-22,15042.00,417833.35,432875.35,1
071360973845,100,2,2018-06-22,12535.00,417833.33,430368.33,1
071360973845,100,3,2018-07-22,10028.00,417833.33,427861.33,1
071360973845,100,4,2018-08-22,7521.00,417833.33,425354.33,1
071360973845,100,5,2018-09-22,5014.00,417833.33,422847.33,1
071360973845,100,6,2018-10-22,2507.00,417833.33,420340.33,1
210754499772,115,1,2018-07-09,230.00,7590.51,7820.51,1
301004510964,120,1,2018-08-18,21784.00,141250.36,163034.36,1
301004510964,120,2,2018-09-18,20654.00,142380.36,163034.36,1
301004510964,120,3,2018-10-18,19514.95,143519.41,163034.36,1
301004510964,120,4,2018-11-18,18366.80,144667.56,163034.36,1
301004510964,120,5,2018-12-18,17209.46,145824.90,163034.36,1
301004510964,120,6,2019-01-18,16042.86,146991.50,163034.36,1
301004510964,120,7,2019-02-18,14866.93,148167.43,163034.36,1
271008146079,101,1,2018-02-04,1680.00,39305.70,40985.70,1
271008146079,101,2,2018-03-04,1404.86,39580.84,40985.70,1
271008146079,101,3,2018-04-04,1127.79,39857.91,40985.70,1
271008146079,101,4,2018-05-04,848.79,40136.91,40985.70,1
271008146079,101,5,2018-06-04,567.83,40417.87,40985.70,1
271008146079,101,6,2018-07-04,284.93,40700.77,40985.70,1
070574183958,120,1,2018-08-27,4428.00,0.00,4428.00,1
070574183958,120,2,2018-09-27,4428.00,0.00,4428.00,1
070574183958,120,3,2018-10-27,4428.00,0.00,4428.00,1
070574183958,120,4,2018-11-27,4428.00,0.00,4428.00,1
070574183958,120,5,2018-12-27,4428.00,0.00,4428.00,1
070574183958,120,6,2019-01-27,4428.00,0.00,4428.00,1
070574183958,120,7,2019-02-27,4428.00,0.00,4428.00,1
070574183958,120,8,2019-03-27,4428.00,0.00,4428.00,1
070574183958,120,9,2019-04-27,4428.00,0.00,4428.00,1
070574183958,120,10,2019-05-27,4428.00,0.00,4428.00,1
390165645605,113,1,2018-03-28,5565.00,265000.00,270565.00,1
390165645605,113,2,2018-04-28,3710.00,265000.00,268710.00,1
390165645605,113,3,2018-05-28,1855.00,265000.00,266855.00,1
160841281849,114,1,2018-08-10,315.00,2354.53,2669.53,1
160841281849,114,2,2018-09-10,298.52,2371.01,2669.53,1
160841281849,114,3,2018-10-10,281.92,2387.61,2669.53,1
160841281849,114,4,2018-11-10,265.21,2404.32,2669.53,1
160841281849,114,5,2018-12-10,248.38,2421.15,2669.53,1
160841281849,114,6,2019-01-10,231.43,2438.10,2669.53,1
160841281849,114,7,2019-02-10,214.36,2455.17,2669.53,1
160841281849,114,8,2019-03-10,197.18,2472.35,2669.53,1
160841281849,114,9,2019-04-10,179.87,2489.66,2669.53,1
160841281849,114,10,2019-05-10,162.44,2507.09,2669.53,1
160841281849,114,11,2019-06-10,144.89,2524.64,2669.53,1
160841281849,114,12,2019-07-10,127.22,2542.31,2669.53,1
160841281849,114,13,2019-08-10,109.42,2560.11,2669.53,1
160841281849,114,14,2019-09-10,91.50,2578.03,2669.53,1
160841281849,114,15,2019-10-10,73.46,2596.07,2669.53,1
160841281849,114,16,2019-11-10,55.28,2614.25,2669.53,1
160841281849,114,17,2019-12-10,36.98,2632.55,2669.53,1
160841281849,114,18,2020-01-10,18.48,2651.05,2669.53,1
040912569461,106,1,2018-07-05,12775.00,304166.65,316941.65,1
040912569461,106,2,2018-08-05,10645.83,304166.67,314812.50,1
040912569461,106,3,2018-09-05,8516.67,304166.67,312683.33,1
121088293818,106,1,2018-06-05,850.00,28333.34,29183.34,1
121088293818,106,2,2018-07-05,566.67,28333.33,28900.00,1
121088293818,106,3,2018-08-05,283.33,28333.33,28616.67,1
061078278845,115,1,2018-06-22,108.00,3000.00,3108.00,1
061078278845,115,2,2018-07-22,90.00,3000.00,3090.00,1
061078278845,115,3,2018-08-22,72.00,3000.00,3072.00,1
131786689670,116,1,2018-03-09,5720.00,29161.73,34881.73,1
131786689670,116,2,2018-04-09,5428.38,29453.35,34881.73,1
131786689670,116,3,2018-05-09,5133.85,29747.88,34881.73,1
131786689670,116,4,2018-06-09,4836.37,30045.36,34881.73,1
131786689670,116,5,2018-07-09,4535.92,30345.81,34881.73,1
131786689670,116,6,2018-08-09,4232.46,30649.27,34881.73,1
131786689670,116,7,2018-09-09,3925.97,30955.76,34881.73,1
131786689670,116,8,2018-10-09,3616.41,31265.32,34881.73,1
071368980926,107,1,2018-06-17,35091.00,0.00,35091.00,1
071368980926,107,2,2018-07-17,35091.00,0.00,35091.00,1
160608407400,114,1,2018-03-10,675.00,12500.00,13175.00,1
160608407400,114,2,2018-04-10,562.50,12500.00,13062.50,1
160608407400,114,3,2018-05-10,450.00,12500.00,12950.00,1
160608407400,114,4,2018-06-10,337.50,12500.00,12837.50,1
160608407400,114,5,2018-07-10,225.00,12500.00,12725.00,1
160608407400,114,6,2018-08-10,112.50,12500.00,12612.50,1
200930102914,106,1,2018-05-30,48280.00,380681.95,428961.95,1
200930102914,106,2,2018-06-30,44473.18,384488.77,428961.95,1
270314607749,115,1,2018-03-06,2590.00,122474.01,125064.01,1
270314607749,115,2,2018-04-06,1732.68,123331.33,125064.01,1
270314607749,115,3,2018-05-06,869.35,124194.66,125064.01,1
230251423573,105,1,2018-02-28,576.00,0.00,576.00,1
230251423573,105,2,2018-03-30,576.00,0.00,576.00,1
071578943519,110,1,2018-04-24,4950.00,82500.00,87450.00,1
071578943519,110,2,2018-05-24,4125.00,82500.00,86625.00,1
071578943519,110,3,2018-06-24,3300.00,82500.00,85800.00,1
071578943519,110,4,2018-07-24,2475.00,82500.00,84975.00,1
071578943519,110,5,2018-08-24,1650.00,82500.00,84150.00,1
071578943519,110,6,2018-09-24,825.00,82500.00,83325.00,1
160845158164,115,1,2018-04-30,5904.00,328000.00,333904.00,1
160845158164,115,2,2018-05-30,3936.00,328000.00,331936.00,1
160845158164,115,3,2018-06-30,1968.00,328000.00,329968.00,1
200420586830,101,1,2018-07-18,2672.00,110447.40,113119.40,1
200420586830,101,2,2018-08-18,1788.42,111330.98,113119.40,1
200420586830,101,3,2018-09-18,897.78,112221.62,113119.40,1
070690734176,111,1,2018-06-05,970.00,15767.19,16737.19,1
070690734176,111,2,2018-07-05,812.33,15924.86,16737.19,1
070690734176,111,3,2018-08-05,653.08,16084.11,16737.19,1
070690734176,111,4,2018-09-05,492.24,16244.95,16737.19,1
070690734176,111,5,2018-10-05,329.79,16407.40,16737.19,1
070690734176,111,6,2018-11-05,165.70,16571.49,16737.19,1
410073384471,116,1,2018-03-10,2766.00,24329.68,27095.68,1
410073384471,116,2,2018-04-10,2620.02,24475.66,27095.68,1
410073384471,116,3,2018-05-10,2473.17,24622.51,27095.68,1
410073384471,116,4,2018-06-10,2325.43,24770.25,27095.68,1
410073384471,116,5,2018-07-10,2176.81,24918.87,27095.68,1
410073384471,116,6,2018-08-10,2027.30,25068.38,27095.68,1
410073384471,116,7,2018-09-10,1876.89,25218.79,27095.68,1
410073384471,116,8,2018-10-10,1725.58,25370.10,27095.68,1
410073384471,116,9,2018-11-10,1573.35,25522.33,27095.68,1
410073384471,116,10,2018-12-10,1420.22,25675.46,27095.68,1
410073384471,116,11,2019-01-10,1266.17,25829.51,27095.68,1
410073384471,116,12,2019-02-10,1111.19,25984.49,27095.68,1
410073384471,116,13,2019-03-10,955.28,26140.40,27095.68,1
410073384471,116,14,2019-04-10,798.44,26297.24,27095.68,1
410073384471,116,15,2019-05-10,640.66,26455.02,27095.68,1
410073384471,116,16,2019-06-10,481.93,26613.75,27095.68,1
410073384471,116,17,2019-07-10,322.25,26773.43,27095.68,1
410073384471,116,18,2019-08-10,161.55,26934.13,27095.68,1
110256797219,120,1,2018-03-25,1416.00,9833.41,11249.41,1
110256797219,120,2,2018-04-25,1357.00,9833.33,11190.33,1
110256797219,120,3,2018-05-25,1298.00,9833.33,11131.33,1
270846121210,100,1,2018-06-13,11660.00,64777.74,76437.74,1
270846121210,100,2,2018-07-13,11012.22,64777.78,75790.00,1
270846121210,100,3,2018-08-13,10364.44,64777.78,75142.22,1
171365010578,106,1,2018-03-05,6900.00,381042.51,387942.51,1
171365010578,106,2,2018-04-05,4613.74,383328.77,387942.51,1
171365010578,106,3,2018-05-05,2313.79,385628.72,387942.51,1
181190927205,103,1,2018-07-13,470.00,1958.41,2428.41,1
181190927205,103,2,2018-08-13,450.42,1958.33,2408.75,1
181190927205,103,3,2018-09-13,430.83,1958.33,2389.17,1
181190927205,103,4,2018-10-13,411.25,1958.33,2369.58,1
181190927205,103,5,2018-11-13,391.67,1958.33,2350.00,1
181190927205,103,6,2018-12-13,372.08,1958.33,2330.42,1
181190927205,103,7,2019-01-13,352.50,1958.33,2310.83,1
181190927205,103,8,2019-02-13,332.92,1958.33,2291.25,1
181190927205,103,9,2019-03-13,313.33,1958.33,2271.67,1
181190927205,103,10,2019-04-13,293.75,1958.33,2252.08,1
181190927205,103,11,2019-05-13,274.17,1958.33,2232.50,1
181190927205,103,12,2019-06-13,254.58,1958.33,2212.92,1
181190927205,103,13,2019-07-13,235.00,1958.33,2193.33,1
181190927205,103,14,2019-08-13,215.42,1958.33,2173.75,1
181190927205,103,15,2019-09-13,195.83,1958.33,2154.17,1
181190927205,103,16,2019-10-13,176.25,1958.33,2134.58,1
181190927205,103,17,2019-11-13,156.67,1958.33,2115.00,1
181190927205,103,18,2019-12-13,137.08,1958.33,2095.42,1
181190927205,103,19,2020-01-13,117.50,1958.33,2075.83,1
181190927205,103,20,2020-02-13,97.92,1958.33,2056.25,1
181190927205,103,21,2020-03-13,78.33,1958.33,2036.67,1
181190927205,103,22,2020-04-13,58.75,1958.33,2017.08,1
181127873579,117,1,2018-04-15,198.00,3666.65,3864.65,1
181127873579,117,2,2018-05-15,165.00,3666.67,3831.67,1
250828734389,118,1,2018-02-28,168.00,4000.00,4168.00,1
250828734389,118,2,2018-03-30,140.00,4000.00,4140.00,1
250828734389,118,3,2018-04-30,112.00,4000.00,4112.00,1
250828734389,118,4,2018-05-30,84.00,4000.00,4084.00,1
250828734389,118,5,2018-06-30,56.00,4000.00,4056.00,1
250828734389,118,6,2018-07-30,28.00,4000.00,4028.00,1
260936243226,106,1,2018-08-01,848.00,5498.55,6346.55,1
260936243226,106,2,2018-09-01,804.01,5542.54,6346.55,1
260936243226,106,3,2018-10-01,759.67,5586.88,6346.55,1
260936243226,106,4,2018-11-01,714.98,5631.57,6346.55,1
260936243226,106,5,2018-12-01,669.92,5676.63,6346.55,1
260936243226,106,6,2019-01-01,624.51,5722.04,6346.55,1
260936243226,106,7,2019-02-01,578.73,5767.82,6346.55,1
151198392157,116,1,2018-05-13,48800.00,271111.13,319911.13,1
151198392157,116,2,2018-06-13,46088.89,271111.11,317200.00,1
151198392157,116,3,2018-07-13,43377.78,271111.11,314488.89,1
151198392157,116,4,2018-08-13,40666.67,271111.11,311777.78,1
151198392157,116,5,2018-09-13,37955.56,271111.11,309066.67,1
270573586299,111,1,2018-08-19,31030.00,0.00,31030.00,1
270573586299,111,2,2018-09-19,31030.00,0.00,31030.00,1
270573586299,111,3,2018-10-19,31030.00,0.00,31030.00,1
270573586299,111,4,2018-11-19,31030.00,0.00,31030.00,1
270573586299,111,5,2018-12-19,31030.00,0.00,31030.00,1
040910490358,100,1,2018-06-14,6979.00,83083.37,90062.37,1
040910490358,100,2,2018-07-14,6397.42,83083.33,89480.75,1
040910490358,100,3,2018-08-14,5815.83,83083.33,88899.17,1
040910490358,100,4,2018-09-14,5234.25,83083.33,88317.58,1
040910490358,100,5,2018-10-14,4652.67,83083.33,87736.00,1
040910490358,100,6,2018-11-14,4071.08,83083.33,87154.42,1
040910490358,100,7,2018-12-14,3489.50,83083.33,86572.83,1
040910490358,100,8,2019-01-14,2907.92,83083.33,85991.25,1
071583840928,110,1,2018-05-15,3066.00,144982.75,148048.75,1
270321166547,115,1,2018-08-18,186.00,10333.34,10519.34,1
270321166547,115,2,2018-09-18,124.00,10333.33,10457.33,1
270321166547,115,3,2018-10-18,62.00,10333.33,10395.33,1
270828307813,111,1,2018-07-29,108.00,1955.47,2063.47,1
151194311266,118,1,2018-07-27,216.00,1024.93,1240.93,1
151194311266,118,2,2018-08-27,207.80,1033.13,1240.93,1
151194311266,118,3,2018-09-27,199.54,1041.39,1240.93,1
151194311266,118,4,2018-10-27,191.20,1049.73,1240.93,1
151194311266,118,5,2018-11-27,182.81,1058.12,1240.93,1
151194311266,118,6,2018-12-27,174.34,1066.59,1240.93,1
151194311266,118,7,2019-01-27,165.81,1075.12,1240.93,1
151194311266,118,8,2019-02-27,157.21,1083.72,1240.93,1
151194311266,118,9,2019-03-27,148.54,1092.39,1240.93,1
151194311266,118,10,2019-04-27,139.80,1101.13,1240.93,1
151194311266,118,11,2019-05-27,130.99,1109.94,1240.93,1
151194311266,118,12,2019-06-27,122.11,1118.82,1240.93,1
151194311266,118,13,2019-07-27,113.16,1127.77,1240.93,1
151194311266,118,14,2019-08-27,104.14,1136.79,1240.93,1
151194311266,118,15,2019-09-27,95.04,1145.89,1240.93,1
151194311266,118,16,2019-10-27,85.88,1155.05,1240.93,1
151194311266,118,17,2019-11-27,76.64,1164.29,1240.93,1
151194311266,118,18,2019-12-27,67.32,1173.61,1240.93,1
151194311266,118,19,2020-01-27,57.93,1183.00,1240.93,1
151194311266,118,20,2020-02-27,48.47,1192.46,1240.93,1
160280171728,102,1,2018-02-28,170.00,0.00,170.00,1
160280171728,102,2,2018-03-29,170.00,0.00,170.00,1
160280171728,102,3,2018-04-29,170.00,0.00,170.00,1
160280171728,102,4,2018-05-29,170.00,0.00,170.00,1
160280171728,102,5,2018-06-29,170.00,0.00,170.00,1
160280171728,102,6,2018-07-29,170.00,17000.00,17170.00,1
180597398941,104,1,2018-08-04,19632.00,0.00,19632.00,1
180597398941,104,2,2018-09-04,19632.00,0.00,19632.00,1
180597398941,104,3,2018-10-04,19632.00,2454000.00,2473632.00,1
120697766719,102,1,2018-05-23,684.00,12666.65,13350.65,1
120697766719,102,2,2018-06-23,570.00,12666.67,13236.67,1
120697766719,102,3,2018-07-23,456.00,12666.67,13122.67,1
181106003939,102,1,2018-08-11,5802.00,0.00,5802.00,1
390173344258,102,1,2018-06-01,1080.00,30000.00,31080.00,1
390173344258,102,2,2018-07-01,900.00,30000.00,30900.00,1
390173344258,102,3,2018-08-01,720.00,30000.00,30720.00,1
390173344258,102,4,2018-09-01,540.00,30000.00,30540.00,1
251044900066,107,1,2018-03-22,6680.00,0.00,6680.00,1
251044900066,107,2,2018-04-22,6680.00,0.00,6680.00,1
240225099498,103,1,2018-07-28,2576.00,53666.65,56242.65,1
240225099498,103,2,2018-08-28,2146.67,53666.67,55813.33,1
240225099498,103,3,2018-09-28,1717.33,53666.67,55384.00,1
111578876436,118,1,2018-02-12,64.00,666.63,730.63,1
111578876436,118,2,2018-03-12,58.67,666.67,725.33,1
111578876436,118,3,2018-04-12,53.33,666.67,720.00,1
111578876436,118,4,2018-05-12,48.00,666.67,714.67,1
111578876436,118,5,2018-06-12,42.67,666.67,709.33,1
111578876436,118,6,2018-07-12,37.33,666.67,704.00,1
111578876436,118,7,2018-08-12,32.00,666.67,698.67,1
111578876436,118,8,2018-09-12,26.67,666.67,693.33,1
111578876436,118,9,2018-10-12,21.33,666.67,688.00,1
111565803108,118,1,2018-04-03,1020.00,33662.26,34682.26,1
111565803108,118,2,2018-05-03,683.38,33998.88,34682.26,1
111565803108,118,3,2018-06-03,343.40,34338.86,34682.26,1
071328835816,108,1,2018-08-11,6712.00,139833.35,146545.35,1
071328835816,108,2,2018-09-11,5593.33,139833.33,145426.67,1
071328835816,108,3,2018-10-11,4474.67,139833.33,144308.00,1
071328835816,108,4,2018-11-11,3356.00,139833.33,143189.33,1
071328835816,108,5,2018-12-11,2237.33,139833.33,142070.67,1
071328835816,108,6,2019-01-11,1118.67,139833.33,140952.00,1
071363214457,103,1,2018-07-16,27610.00,115041.59,142651.59,1
071363214457,103,2,2018-08-16,26459.58,115041.67,141501.25,1
071363214457,103,3,2018-09-16,25309.17,115041.67,140350.83,1
071363214457,103,4,2018-10-16,24158.75,115041.67,139200.42,1
071363214457,103,5,2018-11-16,23008.33,115041.67,138050.00,1
071363214457,103,6,2018-12-16,21857.92,115041.67,136899.58,1
071363214457,103,7,2019-01-16,20707.50,115041.67,135749.17,1
071363214457,103,8,2019-02-16,19557.08,115041.67,134598.75,1
071363214457,103,9,2019-03-16,18406.67,115041.67,133448.33,1
071363214457,103,10,2019-04-16,17256.25,115041.67,132297.92,1
071363214457,103,11,2019-05-16,16105.83,115041.67,131147.50,1
071363214457,103,12,2019-06-16,14955.42,115041.67,129997.08,1
071363214457,103,13,2019-07-16,13805.00,115041.67,128846.67,1
071363214457,103,14,2019-08-16,12654.58,115041.67,127696.25,1
071363214457,103,15,2019-09-16,11504.17,115041.67,126545.83,1
071363214457,103,16,2019-10-16,10353.75,115041.67,125395.42,1
071363214457,103,17,2019-11-16,9203.33,115041.67,124245.00,1
110233132520,111,1,2018-04-06,2490.00,9231.29,11721.29,1
110233132520,111,2,2018-05-06,2397.69,9323.60,11721.29,1
